0.10722458362579346 0.23039667308330536 0.21197165548801422 -0.1090463325381279 -0.07924360781908035 -0.006882702931761742 -0.1151432991027832 -0.1128755509853363 -0.033258382230997086 
0.08255653083324432 0.18426325917243958 0.16416804492473602 -0.08594965189695358 -0.06521991640329361 -0.01451785396784544 -0.06364308297634125 -0.0627327412366867 -0.02375495433807373 
0.05802715942263603 0.09216096997261047 0.08233645558357239 -0.053529590368270874 -0.07943283766508102 -0.0555424727499485 -0.057631898671388626 -0.08519019931554794 -0.08278661966323853 
-0.003090457059442997 0.0002554513921495527 0.002637758618220687 -0.0030941402073949575 -0.00031859075534157455 0.0043762968853116035 -0.0020657191053032875 0.00044030285789631307 0.004091079346835613 
0.0002526376338209957 0.0007547567947767675 0.0008596213301643729 0.0004691396898124367 -0.0004705690371338278 0.0017117391107603908 0.0005113175720907748 -7.845575601095334e-05 0.0016615224303677678 
0.00195976416580379 0.0005556435789912939 -0.0016801668098196387 0.0026919113006442785 -0.0002419373340671882 -0.0014866798883304 0.0024051624350249767 -0.00029369801632128656 -0.0017487069126218557 
0.026377545669674873 0.012136741541326046 -0.15920673310756683 0.3375014662742615 -0.08884462714195251 -0.07367401570081711 0.31375864148139954 -0.19375839829444885 -0.08411719650030136 
0.019995126873254776 0.06881606578826904 0.04031934216618538 0.015480093657970428 -0.27749693393707275 0.12588483095169067 0.11252940446138382 -0.30198463797569275 0.028933105990290642 
-0.08515457063913345 0.09771596640348434 0.009404776617884636 -0.15782921016216278 -0.024367092177271843 0.21927906572818756 -0.08326698839664459 -0.08142241090536118 0.17562098801136017 
0.0191224105656147 -0.0777692124247551 -0.046570148319005966 -0.07842037826776505 -0.12828491628170013 -0.07615293562412262 0.07560040056705475 0.16719302535057068 0.11604104936122894 
-0.11936824768781662 -0.21173296868801117 -0.14169661700725555 -0.0584198422729969 -0.05001707747578621 -0.07301757484674454 0.18565283715724945 0.3462352156639099 0.18126752972602844 
-0.10681702941656113 -0.2194107174873352 -0.12552393972873688 -0.08087664842605591 -0.10564535111188889 -0.11163949966430664 0.19046607613563538 0.2876441478729248 0.1672789305448532 
0.11526265740394592 -0.31976208090782166 -0.01958966627717018 0.048450008034706116 0.502874493598938 -0.28786203265190125 0.06216280907392502 -0.056156087666749954 -0.058638811111450195 
0.03784637898206711 -0.08469926565885544 0.10898906737565994 -0.06779883056879044 0.5710270404815674 -0.16953185200691223 -0.11061487346887589 -0.2501380741596222 -0.05028096213936806 
-0.1252540796995163 -0.15802067518234253 0.03372864052653313 -0.1359288990497589 0.3425777852535248 0.0022024502977728844 -0.08117129653692245 0.04135075956583023 0.08482079952955246 
0.04205756261944771 0.17543171346187592 0.07021395862102509 0.012290778569877148 0.029675468802452087 0.008932340890169144 0.04118208959698677 -0.06303707510232925 0.033486466854810715 
-0.033605579286813736 -0.06089835986495018 -0.03965258598327637 -0.14439554512500763 -0.2904348075389862 -0.18133562803268433 -0.04007338732481003 -0.25687018036842346 -0.056256067007780075 
0.056124497205019 0.07392919063568115 0.030618848279118538 0.03668397292494774 -0.038168299943208694 -0.027701962739229202 0.08073050528764725 -0.09065046906471252 0.020031094551086426 
-0.10617302358150482 -0.2632206082344055 -0.20417650043964386 -0.12487373501062393 -0.04347211867570877 -0.10762610286474228 0.00818447582423687 0.018579330295324326 0.0579468235373497 
0.02269013226032257 0.29674986004829407 0.07006745040416718 0.23345093429088593 0.6992599368095398 0.26768794655799866 0.07534155249595642 0.3404730558395386 0.1325400322675705 
0.06757040321826935 -0.05210065469145775 0.15523464977741241 -0.13904961943626404 -0.35061484575271606 -0.21542833745479584 -0.13621366024017334 -0.4214903712272644 -0.20220911502838135 
0.06623903661966324 -0.16027610003948212 -0.042395561933517456 -0.18331749737262726 -0.44766491651535034 -0.18805864453315735 0.004010635428130627 -0.2365056276321411 -0.10615356266498566 
0.02133931778371334 0.06856255978345871 0.011646009050309658 0.06616967171430588 0.24776403605937958 0.19830767810344696 0.13027264177799225 0.23451673984527588 0.11431938409805298 
0.0044501768425107 0.011257464066147804 -0.01142038218677044 -0.04445178061723709 0.08022145926952362 0.032634180039167404 -0.040877118706703186 0.028712330386042595 -0.06092275679111481 
-0.27405381202697754 -0.2535010576248169 -0.30301541090011597 -0.007187654729932547 0.40678736567497253 0.1891499012708664 -0.08763911575078964 0.7547965049743652 0.3034869432449341 
0.09445866197347641 -0.061906661838293076 0.053341712802648544 0.004338236525654793 -0.4440946877002716 -0.23837414383888245 -0.007854707539081573 -0.1730802059173584 -0.08168388158082962 
0.12576909363269806 0.3402632176876068 0.31007295846939087 0.11654330790042877 -0.2107650339603424 -0.016770510002970695 0.013419087044894695 -0.3693416118621826 -0.15661972761154175 
0.05514383316040039 0.032720260322093964 0.0020226927008479834 0.162632554769516 -0.03875214233994484 -0.13419774174690247 0.0684698298573494 -0.11082994192838669 -0.10815344750881195 
0.1227792501449585 0.005242171697318554 -0.08015090227127075 0.2659674286842346 -0.03551047667860985 -0.16953188180923462 0.13994988799095154 -0.0716121569275856 -0.07195253670215607 
0.11984887719154358 -0.02534487470984459 -0.115444116294384 0.2454022616147995 -0.04648084193468094 -0.21585896611213684 0.14046400785446167 -0.0741656944155693 -0.13110490143299103 
-5.915455403737724e-05 1.3291165714690578e-06 -3.588881736504845e-05 -5.2270912419771776e-05 -1.0978636964864563e-05 -4.423863356350921e-05 -3.530955291353166e-05 4.044253728352487e-06 -2.230150676041376e-05 
-2.338914418942295e-05 3.283713886048645e-05 8.587076990806963e-06 -9.961928299162537e-06 3.897280839737505e-05 2.0895436136925127e-06 7.01088220012025e-06 4.154541966272518e-05 2.1938179997960106e-05 
-2.4978535293485038e-05 3.347494202898815e-05 -1.179535138362553e-05 -2.3858738131821156e-05 2.002546716539655e-05 -2.9288570658536628e-05 -2.0398880224092864e-05 1.5005703971837647e-05 -1.0829754501173738e-05 
0.06318500638008118 0.07439792156219482 0.013968147337436676 0.07395276427268982 0.24284417927265167 0.0755348801612854 -0.0035930275917053223 0.10028670728206635 0.017225563526153564 
-0.14243479073047638 -0.11169016361236572 -0.1106351688504219 -0.08938710391521454 0.0421343594789505 -0.09296514093875885 -0.08147728443145752 -0.0760815367102623 -0.12327619642019272 
-0.022627269849181175 0.1400553435087204 -0.0038892317097634077 0.1118883490562439 0.37704625725746155 0.13563628494739532 -0.06370379030704498 0.09801150858402252 -0.06288906931877136 
0.04004303365945816 -0.08582604676485062 0.02977023459970951 -0.09576661139726639 -0.3116220235824585 -0.09890133887529373 0.0592503659427166 -0.06682886928319931 0.0455041229724884 
0.05514277517795563 -0.0738513395190239 0.0814317986369133 -0.08102662116289139 -0.2891181707382202 -0.05050652474164963 0.05312484875321388 -0.09624574333429337 0.05211230739951134 
0.10031021386384964 -0.02116449736058712 0.1239757388830185 -0.009509658440947533 -0.20628345012664795 -0.0029332065023481846 0.08653275668621063 -0.07273737341165543 0.033022210001945496 
-0.04578347131609917 -0.03465602546930313 0.10932572185993195 -0.17773766815662384 -0.16914977133274078 0.260148286819458 -0.03988222777843475 -0.07339920848608017 0.14890535175800323 
-0.09998948872089386 -0.09561385959386826 0.16193601489067078 -0.2088182419538498 -0.16998291015625 0.3401506245136261 -0.02832573838531971 -0.07396381348371506 0.13703466951847076 
-0.12299175560474396 -0.0705028846859932 0.15096376836299896 -0.20120297372341156 -0.09187749773263931 0.3336135149002075 -0.07800864428281784 -0.07608180493116379 0.1582459807395935 
-0.02802363783121109 -0.13188686966896057 -0.06744883954524994 -0.07762627303600311 -0.34332966804504395 -0.20549818873405457 -0.03956180810928345 -0.2880144715309143 -0.1526719182729721 
-0.009110009297728539 0.06944604218006134 0.01722027361392975 0.0885964035987854 0.08368734270334244 0.05280500277876854 0.0256719421595335 -0.044752392917871475 -0.03712058439850807 
-0.07156848162412643 0.17731747031211853 0.06512122601270676 0.12246348708868027 0.36608612537384033 0.22678762674331665 -0.004445225931704044 0.1385592520236969 0.064605712890625 
0.05711189657449722 0.03927171230316162 0.09459693729877472 0.026911333203315735 -0.15494561195373535 -0.04521002247929573 0.040800195187330246 -0.02417762763798237 0.04215956851840019 
0.032805848866701126 -0.02521621249616146 0.07250355184078217 -0.027996085584163666 -0.21420982480049133 -0.07420345395803452 0.04067082703113556 0.020579030737280846 0.06845983117818832 
-0.03212162107229233 -0.1137111634016037 -0.03886788338422775 -0.12478888034820557 -0.28790006041526794 -0.1451207846403122 -0.04346087574958801 -0.03376072272658348 0.030285567045211792 
