-0.08827473968267441 -0.01782943122088909 -0.07884109020233154 -0.005019340664148331 0.09095831215381622 0.03789794072508812 -0.15489409863948822 -0.07842127233743668 -0.1644732505083084 
0.03920353949069977 -0.02146022953093052 0.020208008587360382 -0.0511411689221859 -0.031115546822547913 -0.007640300318598747 0.04079056158661842 0.0316675566136837 0.01395509298890829 
0.029814787209033966 0.11158294975757599 -0.014363888651132584 -0.027619844302535057 0.028908031061291695 0.04811159893870354 -0.027308069169521332 -0.09912123531103134 -0.09785475581884384 
-0.10561348497867584 -0.1022186204791069 -0.08735842257738113 -0.031758613884449005 -0.006367999594658613 -0.10891638696193695 0.08584818243980408 0.1474815309047699 0.08699258416891098 
-0.0463557243347168 0.13572968542575836 0.15605495870113373 -0.07624539732933044 -0.27599358558654785 -0.17970681190490723 -0.016210447996854782 0.1040104478597641 -0.0018267423147335649 
0.007783805951476097 0.06771964579820633 0.02281815931200981 0.03899295628070831 0.07908553630113602 0.06332346051931381 -0.04894627258181572 -0.0894092470407486 -0.0769738107919693 
0.00766934035345912 -0.028957737609744072 0.024323880672454834 0.05837728828191757 -0.019062969833612442 -0.026651499792933464 -0.0015052622184157372 0.03165148198604584 -0.033376578241586685 
0.022441940382122993 0.06502692401409149 0.037180766463279724 0.010058804415166378 0.005250259768217802 0.009374275803565979 -0.03954930603504181 -0.06181379035115242 -0.034253060817718506 
0.024540066719055176 0.024568362161517143 0.0586247518658638 -0.09724746644496918 -0.057195719331502914 -0.041648395359516144 -0.010090678930282593 -0.017819805070757866 -0.013439454138278961 
-0.06933937221765518 -0.046521544456481934 -0.023581337183713913 -0.013148758560419083 0.03474202752113342 -0.006161770783364773 0.03596479445695877 0.021850211545825005 0.06752300262451172 
-0.02137211337685585 -0.04057503864169121 -0.0823507234454155 0.10004695504903793 0.08978763222694397 0.0075456490740180016 -0.05151990056037903 0.052550192922353745 0.014830571599304676 
-0.04035010188817978 -0.010399899445474148 0.023676326498389244 -0.03352530300617218 -0.07514984160661697 -0.07025215029716492 0.055718302726745605 0.03446965292096138 -0.0054522305727005005 
-0.040060918778181076 -0.1025729700922966 -0.09156852215528488 0.004189432132989168 0.06793525815010071 0.013727339915931225 0.004123269114643335 -0.041142333298921585 0.0840873271226883 
-0.03094496577978134 -0.11770302057266235 -0.06634411215782166 0.08567115664482117 0.18305905163288116 0.13188816606998444 -0.07376580685377121 -0.1820303499698639 -0.04484160989522934 
0.02043282240629196 -0.013266690075397491 -0.009637129493057728 0.033263757824897766 0.047998540103435516 0.01962188445031643 -0.045661892741918564 -0.03579416498541832 -0.006552416365593672 
0.05135752260684967 -0.004295848775655031 -0.009829068556427956 0.019180743023753166 -0.0029030153527855873 0.01023192424327135 -0.0034157063346356153 -0.017801422625780106 0.01680118590593338 
-0.02361682616174221 -0.03149765357375145 -0.00093149917665869 -0.019421298056840897 0.03179756924510002 -0.016234714537858963 -0.03583526983857155 -0.024021707475185394 -0.03708777576684952 
0.007673471700400114 0.06948351860046387 0.004296425264328718 -0.06275122612714767 0.10207900404930115 -0.09697255492210388 0.14049047231674194 -0.12580402195453644 0.1492237001657486 
-0.07521627098321915 -0.0010789822554215789 -0.08899831771850586 0.03954043984413147 -0.11123351007699966 0.026870470494031906 0.0010766787454485893 -0.0805235505104065 0.04827418178319931 
-0.0174143984913826 0.0728168934583664 -0.04161152243614197 -0.09279501438140869 0.06764862686395645 -0.038639359176158905 -0.11419050395488739 0.03591509163379669 0.00043324605212546885 
-0.08502543717622757 -0.016608305275440216 -0.07606067508459091 0.037678878754377365 -0.18287594616413116 0.10300717502832413 -0.01943167857825756 0.07513481378555298 -0.07223436236381531 
0.012647884897887707 -0.00887992326170206 0.003831160021945834 0.015927137807011604 0.014723939821124077 0.0009156617452390492 -0.01641670987010002 -0.032262664288282394 0.0005465173162519932 
0.052918680012226105 -0.09029196202754974 0.025131721049547195 -0.02187790907919407 -0.024546518921852112 -0.04946927726268768 -0.10810413211584091 0.08191180974245071 -0.13933910429477692 
0.025303594768047333 0.04635386914014816 -0.00343920080922544 0.031922437250614166 -0.022797012701630592 -0.0155909713357687 0.04467543214559555 -0.05068127065896988 0.030700065195560455 
-0.006106324959546328 -0.030360709875822067 -0.013259914703667164 -0.03527114912867546 0.009546264074742794 0.017729923129081726 0.00045292076538316905 0.03705795854330063 0.022501878440380096 
0.04417642205953598 0.04572545364499092 -0.045676589012145996 0.03030182234942913 -0.0071337101981043816 0.06075466424226761 -0.0788247287273407 -0.013274656608700752 0.03652575612068176 
-0.06351888924837112 -0.01688980683684349 -0.09774291515350342 0.010684618726372719 -0.06943134218454361 0.026954246684908867 0.08585166186094284 -0.10137596726417542 0.06279772520065308 
0.03416194021701813 -0.02567453309893608 0.054720308631658554 -0.024618452414870262 -0.06711606681346893 -0.011579263024032116 0.0013831622200086713 -0.004499488044530153 0.0436873659491539 
-0.06558415293693542 0.06870391219854355 -0.07392873615026474 -0.07169059664011002 0.09231483191251755 -0.01549349445849657 0.10650221258401871 -0.06337979435920715 0.18717525899410248 
-0.04343442991375923 0.03266052529215813 0.018388107419013977 -0.052318353205919266 0.18341495096683502 -0.08685492724180222 0.06701671332120895 -0.05670813098549843 0.06187840923666954 
0.004331866279244423 0.022031914442777634 0.006820563226938248 0.023604951798915863 0.04563125595450401 -0.045527949929237366 0.010050925426185131 -0.03883647173643112 -0.004963323939591646 
-0.05838439241051674 0.01195713970810175 -0.05762398988008499 0.013415941968560219 0.023553967475891113 -0.021328313276171684 0.05919000133872032 0.025519877672195435 -0.019524535164237022 
0.012014857493340969 0.005314964801073074 -0.017967775464057922 -0.09274711459875107 -0.07130242884159088 -0.030825607478618622 -0.0224453192204237 0.06796209514141083 0.040129177272319794 
0.03060433454811573 -0.1014145016670227 0.046087734401226044 -0.08566524088382721 0.015304801985621452 0.0890839546918869 -0.0338459350168705 0.06181752681732178 -0.09283889085054398 
-0.031640857458114624 -0.05401087552309036 -0.0019105024402961135 -0.05925041064620018 -0.04549792408943176 0.009582877159118652 -0.0413496233522892 -0.0011340049095451832 -0.02474106475710869 
0.04350894317030907 -0.01148931309580803 -0.006148996762931347 -0.032179709523916245 -0.07499396055936813 0.012268533930182457 -0.084030881524086 -0.060665447264909744 0.02379428967833519 
-0.12580657005310059 0.043809790164232254 0.05451318994164467 0.054955944418907166 0.023345189169049263 -0.16995391249656677 0.04234563931822777 -0.20701691508293152 -0.014932970516383648 
0.03372207283973694 0.008194362744688988 0.018028199672698975 -0.009334034286439419 -0.010159960016608238 -0.02423100546002388 -0.025680964812636375 -0.014829504303634167 0.017066098749637604 
-0.054494671523571014 -0.005590223241597414 -0.08811560273170471 0.06368926167488098 -0.06270334124565125 -0.09194521605968475 -0.08361080288887024 -0.011419511400163174 -0.03886539489030838 
0.07366965711116791 0.04577611759305 -0.01645681820809841 0.01849028281867504 -0.037355370819568634 -0.010291657410562038 -0.005118621978908777 -0.033559706062078476 0.03381894528865814 
-0.058873314410448074 0.0009272624156437814 0.012086351402103901 0.016917254775762558 0.09436699748039246 -0.03481652960181236 0.07466311007738113 -0.024759309366345406 -0.0930907279253006 
-0.09659835696220398 -0.09207060188055038 0.04666254669427872 -0.08895299583673477 0.10154521465301514 0.04142490401864052 0.010097973980009556 0.09390024840831757 -0.061811648309230804 
-0.04432566836476326 -0.08077149838209152 0.033995963633060455 -0.11054268479347229 0.17267656326293945 -0.05831224098801613 0.06952914595603943 -0.019020024687051773 -0.02517794258892536 
-0.02333352528512478 0.010694464668631554 0.01603611744940281 0.024525858461856842 -0.005868988111615181 -0.01551475003361702 0.034037765115499496 -0.031562600284814835 0.0008820453658699989 
0.06006600335240364 -0.08122513443231583 0.07935553789138794 -0.05079100281000137 0.03115101531147957 0.07821677625179291 0.022504594177007675 0.05469965934753418 -0.03484705463051796 
0.11778029054403305 -0.06490655243396759 -0.10195600241422653 -0.04385615512728691 -0.1261744499206543 0.11229308694601059 -0.10705838352441788 0.1623571217060089 0.10591594874858856 
0.046766214072704315 -0.01417742483317852 -0.03289492800831795 -0.018867649137973785 -0.017875637859106064 -0.013189367949962616 0.0281059630215168 -0.007143128663301468 0.008999302983283997 
-0.014119861647486687 -0.03541509807109833 -0.020011063665151596 -0.013263161294162273 -0.012391705997288227 0.04458652436733246 -0.05132187530398369 0.07018373906612396 0.02063910849392414 
0.014677383936941624 0.008677813224494457 0.054829955101013184 -0.06630861759185791 -0.08258190751075745 -0.018920090049505234 -0.008195317350327969 0.00059029198018834 0.052657511085271835 
0.06967904418706894 -0.04285223409533501 -0.06772216409444809 0.07178658246994019 -0.03838564455509186 -0.07594221085309982 0.048597823828458786 -0.045327506959438324 -0.05254267901182175 
-0.011508633382618427 -0.0451803095638752 -0.019678719341754913 -0.018751760944724083 -0.011502016335725784 -0.017473874613642693 0.007752221543341875 0.05023430287837982 -0.02872922644019127 
-0.01323561929166317 0.013736465945839882 0.010304130613803864 -0.07773637026548386 -0.022449631243944168 0.01771737076342106 -0.04227081313729286 0.0005780390929430723 -0.00216937274672091 
-0.07222802937030792 -0.018011005595326424 -0.029952462762594223 -0.05771224945783615 0.002341285115107894 0.08224364370107651 -0.03367381542921066 0.029125940054655075 0.02226833440363407 
0.010727683082222939 -0.012692303396761417 -0.0025699243415147066 0.023160859942436218 -0.02524493634700775 -0.021866995841264725 0.02526872046291828 0.004930796101689339 -0.012203440070152283 
-0.07416974008083344 -0.0696735605597496 -0.009169413708150387 -0.002426045248284936 -0.028452947735786438 -0.0236239992082119 0.05103317275643349 0.02964627556502819 -0.031711798161268234 
0.0052292258478701115 -0.0014529491309076548 -0.026403283700346947 -0.037190571427345276 0.026292243972420692 0.020099569112062454 -0.03824019059538841 0.039682842791080475 0.01662185601890087 
0.04506785050034523 0.02086281031370163 -0.04509900137782097 0.06177794560790062 0.03433980047702789 -0.014972980134189129 0.041908279061317444 0.011368081904947758 -0.028310082852840424 
-0.00283806468360126 -0.0448966883122921 -0.06359017640352249 -0.012619308196008205 -0.0612541139125824 -0.12544038891792297 0.006506049539893866 0.007130708545446396 -0.13672135770320892 
0.0549301877617836 0.0181253794580698 0.014332772232592106 0.044325947761535645 -0.048315633088350296 -0.026659157127141953 0.02201859839260578 -0.009205590933561325 0.05095566436648369 
-0.10429088026285172 -0.02962866798043251 0.08315501362085342 -0.07273520529270172 -0.01178604643791914 0.12474118918180466 -0.09162087738513947 -0.0654478520154953 0.03327080234885216 
0.013412819243967533 -0.03815839812159538 -0.017890486866235733 0.07001551985740662 -0.03989757224917412 -0.050456851720809937 0.05328114330768585 -0.053885750472545624 -0.08523394167423248 
-0.041234537959098816 0.004248021170496941 0.025018423795700073 0.01630234159529209 0.0768648087978363 0.04135964810848236 -0.0040496401488780975 -0.024315645918250084 0.011315899901092052 
-0.019115708768367767 -0.0438537560403347 0.007056063506752253 -0.008473552763462067 -0.0037216399796307087 0.03405340760946274 -0.022855626419186592 -0.0016533113084733486 0.023701321333646774 
0.0027774188201874495 0.014792747795581818 -0.010913874953985214 0.008589216507971287 -0.04363980516791344 -0.090477854013443 -0.004526376724243164 -0.08568397164344788 -0.09177764505147934 
0.031034881249070168 0.062365349382162094 0.035580143332481384 0.008891240693628788 -0.08427617698907852 0.011375856585800648 0.014703065156936646 -0.08695805817842484 0.05052293837070465 
-0.000610966351814568 -0.14214910566806793 -0.010813701897859573 0.07374946773052216 -0.19789224863052368 0.10887095332145691 -0.028715895488858223 -0.1647457331418991 0.10229606926441193 
-0.02698751911520958 -0.048639632761478424 0.0024901176802814007 0.013807411305606365 -0.11293738335371017 0.050167616456747055 -0.024073345586657524 -0.052066631615161896 0.04419191554188728 
0.01800636574625969 -0.07184579223394394 0.0045619853772223 -0.0010584103874862194 -0.032432977110147476 0.019019367173314095 0.00606115534901619 0.035506606101989746 0.03487337753176689 
0.029151955619454384 -0.03893329203128815 0.05940578877925873 -0.05193096026778221 0.01419419888406992 0.009910994209349155 -0.016659196466207504 0.007559777703136206 -0.030293185263872147 
-0.02358742617070675 0.0008091380004771054 0.013561749830842018 -0.044898469001054764 -0.03798399120569229 0.024406293407082558 0.008194627240300179 0.011319461278617382 0.04319457709789276 
-0.15861603617668152 -0.028452591970562935 -0.14303013682365417 -0.0948369950056076 0.08858344703912735 -0.114827461540699 -0.1366618126630783 0.06463001668453217 -0.1495974063873291 
0.0932227298617363 0.04502595216035843 0.028170762583613396 0.08137108385562897 -0.02590058743953705 -0.016123833134770393 0.06986643373966217 -0.033050477504730225 -0.008124817162752151 
0.016379376873373985 0.04594697430729866 0.02565440721809864 -0.018854744732379913 0.02602442353963852 0.007180497050285339 0.01377958245575428 0.04477554187178612 -0.026694077998399734 
-0.0032656765542924404 -0.09718763083219528 0.0022104016970843077 -0.024496499449014664 -0.08075420558452606 0.1311199963092804 -0.07899149507284164 0.009107325226068497 0.050280168652534485 
0.011432230472564697 -0.09410121291875839 -0.0225763451308012 -0.008004260249435902 -0.1917695254087448 0.12084616720676422 -0.04223749041557312 -0.1126379445195198 0.025234242901206017 
0.0324685275554657 -0.008141313679516315 -0.008538846857845783 -0.0017142370343208313 0.028833018615841866 -0.02004213072359562 -0.016163520514965057 0.011073659174144268 -0.024656394496560097 
0.0320596881210804 -0.14680223166942596 0.030545223504304886 0.1308109313249588 -0.21725605428218842 0.12195628136396408 0.05333147943019867 -0.22540926933288574 0.11079427599906921 
0.036896687000989914 0.030747132375836372 -0.005935303866863251 0.1787756383419037 0.01648561656475067 0.009026613086462021 0.12439167499542236 0.0007152289617806673 0.03180496394634247 
0.05129876360297203 -0.018045328557491302 -0.003998261410742998 0.03832016512751579 -0.023335954174399376 0.02311812713742256 -0.025245165452361107 -0.07221263647079468 -0.02803831174969673 
-0.02341400273144245 -0.02224864438176155 -0.04228617995977402 -0.0025842459872365 -0.010250911116600037 -0.03238348662853241 -0.01577158458530903 -0.002105996012687683 0.0010926804970949888 
-0.021427445113658905 -0.018441393971443176 -0.00017983283032663167 -0.024122517555952072 -0.031229276210069656 -0.014201534911990166 -0.003868123749271035 0.06725690513849258 0.0172191821038723 
-0.030768299475312233 0.02757665142416954 -0.10944166034460068 -0.06756102293729782 0.17766283452510834 -0.10364465415477753 -0.16813890635967255 0.105531245470047 -0.0057185194455087185 
-0.014725560322403908 0.031189993023872375 -0.02697334624826908 -0.1050325259566307 0.11856011301279068 -0.0023347127716988325 -0.1088356003165245 -0.011243343353271484 0.043994151055812836 
0.04817303270101547 -0.010342096909880638 0.00024674160522408783 0.111056387424469 -0.04656984284520149 -0.09556283056735992 0.038835830986499786 0.013879970647394657 -0.0904342457652092 
-0.030930066481232643 0.024318331852555275 -0.015974294394254684 -0.01649206131696701 -0.058680467307567596 0.07168055325746536 0.027797607704997063 0.002862134948372841 0.006479018833488226 
-0.027392501011490822 -0.018276521936058998 -0.030725054442882538 -0.005391961429268122 0.046892814338207245 -0.012206794694066048 0.032752908766269684 0.06194838881492615 -0.0009434440871700644 
-0.09675436466932297 -0.09923319518566132 0.0376022607088089 -0.045722972601652145 -0.034910887479782104 0.027275951579213142 -0.08494660258293152 -0.06447979807853699 -0.05762097239494324 
0.10899369418621063 -0.01072377897799015 -0.038123346865177155 0.10367057472467422 0.00479055754840374 -0.03677165135741234 0.09261289238929749 0.036474645137786865 -0.03286323323845863 
-0.0614323765039444 -0.0007160768145695329 0.06389927119016647 -0.034372478723526 -0.022617032751441002 0.033772192895412445 -0.05302327498793602 0.01224079541862011 0.08192453533411026 
0.058541133999824524 -0.05020182579755783 -0.15807892382144928 0.18260547518730164 0.002631454961374402 -0.18238067626953125 0.09293513745069504 0.00999796949326992 -0.1141878142952919 
-0.009725632146000862 0.047489166259765625 -0.08524422347545624 0.03489314764738083 0.03256867453455925 0.03165079280734062 -0.029579652473330498 -0.057926762849092484 0.025325875729322433 
0.014304906129837036 -0.045841995626688004 0.035993531346321106 0.011791357770562172 -0.0840689018368721 0.0468391515314579 0.04813891276717186 -0.04610639065504074 0.037874430418014526 
0.035656385123729706 0.05291831120848656 -0.0772099643945694 0.004607919603586197 0.14028297364711761 -0.12074852734804153 -0.05914830043911934 0.12455378472805023 -0.08609680086374283 
-0.044521626085042953 0.04126522317528725 0.05580111965537071 -0.09615218639373779 0.118199422955513 0.05735545605421066 -0.13544850051403046 0.01686953753232956 0.06628299504518509 
0.027302760630846024 -0.05259230360388756 -0.07391773164272308 0.015592364594340324 -0.004154473077505827 -0.018619054928421974 0.019816797226667404 -0.008132255636155605 -0.03696376085281372 
-0.06831277161836624 0.053770262748003006 0.05737684294581413 -0.06161399185657501 0.04556283354759216 0.05286724492907524 -0.021825190633535385 0.02641637995839119 -0.012106032110750675 
0.084351547062397 0.04252583160996437 0.0293987225741148 0.01597471907734871 -0.06461158394813538 -0.025994354858994484 -0.06749965995550156 -0.009090575389564037 0.029498668387532234 
0.06710204482078552 -0.011051174253225327 -0.09656404703855515 0.05246581509709358 -0.08615463227033615 -0.07333607226610184 -0.04750458896160126 -0.10793811082839966 -0.07841826230287552 
0.057903509587049484 0.012928330339491367 0.0090200649574399 -0.016526049003005028 -0.06614646315574646 -0.009465038776397705 -0.03755035623908043 -0.0029248620849102736 0.02184189110994339 
-0.02188260108232498 0.05507640168070793 0.020070288330316544 0.1025562658905983 0.06745008379220963 0.06584262102842331 0.11041750758886337 0.036726802587509155 0.011478631757199764 
-0.031075196340680122 -0.02702072635293007 0.023328881710767746 0.031319666653871536 0.08687067776918411 0.07792997360229492 0.06058394908905029 0.01811116375029087 0.005743326619267464 
0.09373025596141815 0.0004801504546776414 -0.03412714600563049 0.009963400661945343 -0.042058780789375305 -0.03474956750869751 -0.020721687003970146 -0.02901095524430275 -0.002957320073619485 
-0.02546667493879795 -0.009621758945286274 0.021630167961120605 -0.05141349509358406 -0.02073693461716175 -0.04150588810443878 -0.013829044997692108 -0.02744152769446373 -0.029517075046896935 
-0.014511439949274063 -0.027314847335219383 -0.030031634494662285 -0.01296534389257431 0.005072247702628374 0.006204038858413696 -0.01941755600273609 0.021873263642191887 0.0012862654402852058 
0.01362902857363224 0.0011683431221172214 -0.010102269239723682 0.007776698563247919 -0.017289459705352783 -0.05158865079283714 0.011119089089334011 -0.009297424927353859 -0.047561902552843094 
-0.010655220597982407 -0.06371605396270752 -0.08415066450834274 -0.09314856678247452 -0.09510774910449982 -0.08844145387411118 -0.034346453845500946 -0.06528238207101822 -0.018805326893925667 
0.12884828448295593 0.05003439262509346 -0.02332071214914322 0.023478753864765167 -0.037020254880189896 -0.060510195791721344 -0.05499553307890892 -0.04588871821761131 -0.08488091081380844 
-0.04629691690206528 -0.029411662369966507 0.05391108989715576 -0.06989661604166031 -0.0056457421742379665 0.060581497848033905 -0.04163457453250885 -0.01809539459645748 0.004529931116849184 
-0.023028746247291565 -0.03705180436372757 -0.06961851567029953 0.01515915710479021 -0.04812687262892723 0.03677717596292496 -0.044386230409145355 -0.0007038121693767607 0.0705166831612587 
0.06592633575201035 0.12690530717372894 -0.059130240231752396 0.16235770285129547 0.05098028853535652 -0.06846056878566742 -0.04336264729499817 -0.11276304721832275 -0.0249565988779068 
-0.041579823940992355 -0.02781722880899906 0.005132544320076704 -0.05955130234360695 -0.010225913487374783 0.03404192253947258 -0.0036295889876782894 0.05470713973045349 -0.006596192717552185 
-0.06615351885557175 -0.0015965893398970366 -0.02486579865217209 0.01797904260456562 0.015782995149493217 -0.0330839604139328 0.024703864008188248 -0.019909916445612907 -0.017328212037682533 
-0.045841146260499954 -0.04243987426161766 -0.026671748608350754 -0.05075887218117714 -0.053324971348047256 -0.04549744725227356 -0.007040375843644142 -0.008854719810187817 -0.010457271710038185 
-0.008032901212573051 -0.002267262665554881 0.0034312354400753975 0.0018838780233636498 0.016697287559509277 0.02411920763552189 0.0025643291883170605 0.009577595628798008 0.0027586263604462147 
-0.00226124026812613 -0.015519361011683941 0.0005181923042982817 -0.021863482892513275 -0.011989828199148178 -0.00660039484500885 -0.05476057156920433 -0.04847891628742218 -0.03248021751642227 
-0.00350610027089715 0.016625816002488136 0.01309185940772295 0.022218087688088417 -0.001358476816676557 -0.013680300675332546 0.05441342666745186 0.07194826751947403 0.044111255556344986 
-0.02150050364434719 0.013743342831730843 0.010531202889978886 0.005464996676892042 0.0035926427226513624 -0.007411499507725239 -0.02977839484810829 -0.06173129752278328 -0.03714277595281601 
0.029532616958022118 0.05240451544523239 0.02744969353079796 0.05939603969454765 0.08888637274503708 0.07954060286283493 0.03176984563469887 0.03858553245663643 0.03816777840256691 
0.011295179836452007 -0.0007343430770561099 -0.012911365367472172 0.013219114392995834 0.01224601361900568 -0.021800659596920013 -0.0021367697045207024 0.012060828506946564 -0.03544006124138832 
-0.07271292060613632 -0.024354081600904465 -0.03799477964639664 -0.03619765117764473 0.002584512811154127 -0.025541238486766815 -0.0274234376847744 0.002798577770590782 -0.03419589623808861 
0.010914304293692112 0.01880323514342308 0.021491575986146927 0.05075899139046669 0.11148879677057266 0.09277630597352982 0.003984693903476 0.0508933886885643 0.012396100908517838 
-0.008954450488090515 0.0005327445105649531 0.003931483253836632 -0.02318819984793663 -0.023553280159831047 -0.03893743082880974 -0.043945569545030594 -0.03956456482410431 -0.0421646386384964 
-0.022077564150094986 -0.03083414025604725 -0.026269549503922462 -0.02259366400539875 -0.0160029586404562 -0.020863808691501617 -0.0014881808310747147 -0.030084500089287758 -0.03917970508337021 
0.006479579024016857 0.02026691846549511 0.0016041675116866827 0.05460742861032486 0.06712689250707626 0.05661427602171898 0.05133447051048279 0.05566529557108879 0.04514424875378609 
0.01184423640370369 2.579963802418206e-05 0.007218318060040474 0.01559200044721365 -0.007171226665377617 -0.01797700859606266 -0.019638584926724434 -0.02173672989010811 -0.037578482180833817 
-0.017926020547747612 0.007082690019160509 0.01682177372276783 -0.009302899241447449 -0.01736930012702942 -0.02023364044725895 -0.013412018306553364 0.010340780951082706 -0.012802916578948498 
-0.04527527466416359 0.0006513187545351684 -0.015230080112814903 -0.011289642192423344 0.012039664201438427 -0.011308999732136726 -0.013125625438988209 -0.015222103334963322 -0.02928893081843853 
0.03185877576470375 -0.017895743250846863 -0.05654151737689972 0.016078829765319824 -0.020735854282975197 -0.03903409093618393 0.033311132341623306 0.020483631640672684 0.0014493422349914908 
0.015513267368078232 -0.009736675769090652 -0.01930057257413864 -0.0443195141851902 -0.03856837749481201 -0.05911833047866821 -0.05165647342801094 -0.016795864328742027 0.0068340543657541275 
0.0021417508833110332 -0.07165530323982239 -0.055174820125103 0.048575736582279205 -0.01910146325826645 -0.030159814283251762 0.000711752800270915 0.0197005495429039 0.010144205763936043 
-0.05173187330365181 -0.06631152331829071 -0.10485737770795822 0.024923795834183693 0.003969139419496059 -0.07861871272325516 0.08926207572221756 0.03677821531891823 -0.03048352152109146 
-0.05132493004202843 -0.04745206981897354 0.07702970504760742 -0.1575632393360138 -0.13407853245735168 -0.07003191858530045 -0.03341069445014 -0.1186290755867958 -0.10828244686126709 
-0.018145501613616943 0.043655771762132645 0.0008859839290380478 -0.01077712420374155 0.013774695806205273 0.07712392508983612 -0.0706828311085701 -0.04414842277765274 -0.07985236495733261 
-0.059471648186445236 -0.0345875546336174 -0.028215887024998665 0.019406164065003395 0.013346410356462002 -0.029929138720035553 0.061391036957502365 0.042804621160030365 -0.0015948929358273745 
-0.07530661672353745 -0.003505243919789791 -0.009163441136479378 0.00044451639405451715 0.004796134307980537 0.02988695725798607 -0.002672587987035513 -0.009786467999219894 0.04513443261384964 
0.034640032798051834 0.05052858591079712 0.051364582031965256 -0.04453793540596962 0.014485679566860199 0.09641759097576141 -0.04822443053126335 -0.04849405959248543 0.018650757148861885 
0.03249038755893707 -0.11828234046697617 -0.06404867023229599 0.10167910158634186 -0.01280528586357832 -0.1051446720957756 0.033299610018730164 0.07184047251939774 0.005313529632985592 
0.02161710150539875 0.009746309369802475 0.08557728677988052 -0.037979040294885635 -0.10462187230587006 -0.0808589830994606 -0.04777707904577255 -0.06786621361970901 -0.07413951307535172 
0.10758872330188751 0.044565893709659576 0.09273840487003326 0.00764418626204133 0.0037891471292823553 0.046922724694013596 -0.04907567426562309 -0.014615747146308422 0.012562884017825127 
-0.02942226640880108 0.01288803480565548 0.02790696732699871 -0.030434930697083473 0.0322432816028595 0.10846518725156784 -0.0484420545399189 -0.029564063996076584 0.03903530538082123 
-0.04976385086774826 -0.06354551017284393 -0.016606183722615242 -0.03818916529417038 -0.06712116301059723 -0.049377329647541046 0.036673903465270996 0.017112847417593002 -0.024370895698666573 
-0.03746655210852623 -0.05987533926963806 -0.11928973346948624 0.017248257994651794 0.007650343701243401 -0.06542973965406418 0.092990443110466 0.027054408565163612 0.0029900118242949247 
-0.02268971875309944 0.03295300528407097 -0.022686148062348366 -0.07875917851924896 0.02274181693792343 0.030362499877810478 -0.051160141825675964 0.018560966476798058 0.06141411513090134 
0.02456395886838436 -0.018191175535321236 -0.006958924699574709 0.014041422866284847 -0.039386313408613205 0.0182320699095726 -0.045403603464365005 -0.01958266831934452 0.028690634295344353 
-0.02996908687055111 0.02018403261899948 0.005514294374734163 -0.07756056636571884 -0.03868264704942703 -0.057287782430648804 -0.003150833072140813 0.015380489639937878 -0.018869642168283463 
0.014285217970609665 -0.0015309605514630675 0.006000658962875605 0.013416985049843788 -0.015506325289607048 -0.014882339164614677 0.02333073690533638 0.007477615959942341 -0.0040574935264885426 
-0.02177257277071476 -0.019761132076382637 -0.04992954432964325 -0.047716207802295685 0.006166195496916771 -0.0262591615319252 -0.041055213660001755 -0.04576457664370537 -0.05095399171113968 
-0.06804914027452469 -0.03512992337346077 -0.03191832825541496 0.07625537365674973 0.1205221563577652 0.08475299179553986 -0.0017067227745428681 0.026020659133791924 0.03023449517786503 
-0.020343312993645668 -0.05108560249209404 -0.07284694164991379 0.022688843309879303 -0.04362821951508522 0.0055602299980819225 0.0492670014500618 0.07005567848682404 0.03294956684112549 
0.05903852730989456 0.08274956792593002 0.05285424739122391 -0.011321374215185642 -0.036129046231508255 -0.046172574162483215 -0.08195064961910248 -0.0932488813996315 -0.08830731362104416 
0.0422971136868 0.054847802966833115 0.027514347806572914 0.01788533292710781 0.04372727498412132 0.0029289880767464638 -0.03020615689456463 -0.02452727034687996 -0.07351686805486679 
-0.114018514752388 -0.08790789544582367 -0.06939811259508133 0.016798056662082672 0.021353406831622124 -0.025970717892050743 0.06164891645312309 0.09240450710058212 0.056445248425006866 
0.1245938315987587 0.17630121111869812 0.05500068888068199 -0.04831305891275406 0.016426485031843185 -0.027702482417225838 -0.10153938829898834 -0.10741680860519409 -0.10026932507753372 
-0.017762968316674232 -0.0025972495786845684 -0.035021718591451645 -0.0038852824363857508 0.006820293143391609 -0.02211080864071846 0.005285313352942467 0.013192538172006607 -0.00030182054615579545 
-0.01936018280684948 0.02940511517226696 -0.004028569906949997 0.03294628486037254 0.05477088689804077 0.0355297215282917 -0.0033503095619380474 0.027191614732146263 0.0001547156716696918 
-0.016825078055262566 0.009597744792699814 0.0033069031778723 -0.07625597715377808 -0.07262719422578812 -0.05209450051188469 -0.008867270313203335 0.043256454169750214 0.04137163236737251 
0.018493711948394775 0.02812229096889496 -0.05015535280108452 0.011553872376680374 0.020095665007829666 0.04346782714128494 0.03215830773115158 0.06932776421308517 0.06589288264513016 
0.04022492468357086 0.026478175073862076 0.004624980967491865 -0.02347378060221672 -0.028140049427747726 -0.004817706998437643 -0.019886905327439308 0.003212406998500228 -0.015884611755609512 
-0.10282737016677856 -0.08977358788251877 -0.045394837856292725 -0.054621756076812744 -0.09234167635440826 -0.04640735313296318 0.11407306790351868 0.0972331240773201 0.10165126621723175 
-0.01788424886763096 -0.06449825316667557 -0.03687795251607895 0.00921825971454382 0.004728451371192932 0.02300030179321766 -0.00956008117645979 -0.042463529855012894 -0.03520248457789421 
0.035574447363615036 0.0037102368660271168 -0.05542949214577675 0.04833536595106125 -0.0425802618265152 -0.12134575098752975 -0.07150834053754807 0.013745717704296112 0.07759566605091095 
0.13121303915977478 0.08760557323694229 -0.09542243182659149 -0.022648513317108154 -0.00716756284236908 -0.016923636198043823 -0.11056753993034363 -0.13355135917663574 0.10220396518707275 
0.006214209366589785 0.006528744474053383 -0.07444671541452408 -0.07212016731500626 -0.1185213178396225 0.11969510465860367 -0.14539837837219238 -0.13607142865657806 0.04015129804611206 
0.02234586328268051 0.036118034273386 -0.1382753998041153 0.11102399975061417 -0.036179304122924805 -0.21194785833358765 0.17066706717014313 0.05690617486834526 -0.10772731900215149 
-0.00546112610027194 -0.014493829570710659 0.07521820068359375 -0.010237526148557663 0.02265769988298416 0.1668645739555359 0.07597865164279938 0.0099733741953969 -0.11015976220369339 
0.06030881777405739 -0.016310986131429672 -0.047823335975408554 -0.06862173974514008 -0.0082636633887887 0.08489533513784409 -0.14066487550735474 -0.02248997986316681 0.13111349940299988 
-0.0676603764295578 -0.08039867877960205 0.04316939786076546 -0.02295522950589657 -0.0376572459936142 -0.05273735895752907 0.0012026686454191804 0.03823668882250786 -0.05467407777905464 
-0.013061277568340302 0.01672952063381672 0.037459664046764374 -0.017250942066311836 -0.02459094300866127 0.020462650805711746 0.043257780373096466 0.01070893369615078 0.04072212427854538 
0.012609453871846199 0.02814791165292263 0.013439182192087173 -0.030580712482333183 0.002716262359172106 0.02669372409582138 0.06687384843826294 0.036028604954481125 -0.04920963943004608 
-0.11910879611968994 -0.18357518315315247 -0.14349961280822754 -0.04301095008850098 -0.006353355944156647 0.035964787006378174 -0.0011974774533882737 0.1331881731748581 0.21798476576805115 
0.005282117053866386 -0.06420541554689407 -0.08030430972576141 -0.06413518637418747 -0.14774520695209503 -0.10225319862365723 -0.030798261985182762 -0.01772000640630722 0.05146460980176926 
-0.026737842708826065 0.013106198981404305 0.08968263864517212 -0.0541207417845726 -0.0013386305654421449 0.037435345351696014 -0.028530796989798546 -0.035518307238817215 -0.027440281584858894 
0.0629921555519104 0.03973626717925072 -0.062425777316093445 0.08087047189474106 0.11373738944530487 0.06951486319303513 0.07766707241535187 0.06775957345962524 0.14982949197292328 
0.04905800521373749 0.07154271751642227 0.013610811904072762 0.050850991159677505 0.13194572925567627 -0.07374172657728195 -0.13595446944236755 -0.16305091977119446 0.02983374148607254 
-0.025118133053183556 -0.014851382002234459 -0.01872941292822361 -0.03450316563248634 0.0005021151737309992 0.014115579426288605 -0.004397530108690262 -0.005638166796416044 0.051817212253808975 
0.07442310452461243 0.014021185226738453 -0.007908004336059093 0.003467809408903122 -0.00921106431633234 -0.03536797687411308 -0.023466039448976517 -0.07593565434217453 -0.06029628962278366 
-0.0015591672854498029 -0.0030358568765223026 -0.0075379423797130585 0.023812461644411087 0.02088962495326996 0.027110127732157707 -0.03694721311330795 -0.04528107866644859 -0.04166707396507263 
-0.03871845826506615 -0.026475777849555016 -0.010343216359615326 -0.052075598388910294 -0.045538280159235 -0.04432550445199013 -0.024676792323589325 -0.026720736175775528 -0.015561306849122047 
-0.020142635330557823 -0.021406123414635658 0.0026037648785859346 0.038512539118528366 0.02477879449725151 0.03491097688674927 -0.019779693335294724 0.0038062797393649817 0.013114549219608307 
-0.02708625979721546 -0.021659329533576965 -0.029437774792313576 0.012594740837812424 0.019029773771762848 0.034647006541490555 0.020054200664162636 0.011250471696257591 0.04290832579135895 
0.02551507018506527 0.014673431403934956 0.012859858572483063 0.014401131309568882 -0.0035392912104725838 -0.011367151513695717 0.014722495339810848 0.009812840260565281 0.007830588147044182 
-0.005686467047780752 0.031663812696933746 0.014315159060060978 0.0060567231848835945 0.03682878240942955 0.01555494125932455 -0.03846624866127968 -0.0008426101412624121 -0.03175196796655655 
-0.009047791361808777 -0.006905675400048494 -0.009050060994923115 -0.0022973469458520412 0.0015886949840933084 0.0012934714322909713 0.017015613615512848 0.007584757171571255 0.038752663880586624 
-0.012514209374785423 0.02921145223081112 -0.017457224428653717 -0.0072608571499586105 0.047547515481710434 0.0040864888578653336 -0.021871434524655342 0.026699403300881386 -0.0221650879830122 
0.010889895260334015 -0.0027425973676145077 0.0033360810484737158 -0.004210928454995155 -0.00034707842860370874 0.013158680871129036 0.012627875432372093 -0.006277920212596655 0.0056176926009356976 
0.015902994200587273 -0.033128175884485245 -0.041313041001558304 -0.023914700374007225 -0.06443863362073898 -0.06344843655824661 0.016281571239233017 -0.035180870443582535 -0.05436897650361061 
-0.01760629378259182 -0.028961582109332085 -0.033137500286102295 -0.0360448881983757 -0.024257877841591835 -0.01817639172077179 -0.017711283639073372 -0.01654665544629097 -0.021531198173761368 
0.00753252487629652 -0.01187727227807045 -0.009483350440859795 -0.015452630817890167 -0.03716852515935898 -0.03737868368625641 -0.016828469932079315 -0.04066721722483635 -0.03077162802219391 
0.008682675659656525 -0.03024997189640999 0.018539324402809143 0.026560641825199127 -0.02580302581191063 0.025736313313245773 0.02417612448334694 -0.03357558324933052 -0.004404628649353981 
-0.04665634408593178 -0.03375012427568436 -0.016047228127717972 -0.03997641056776047 -0.06908516585826874 -0.06556359678506851 -0.040709055960178375 -0.03588338941335678 -0.02192182093858719 
0.01452599186450243 0.026030413806438446 0.0002995057438965887 0.007794832810759544 0.01346119400113821 -0.010307732969522476 0.0004485233221203089 0.009054148569703102 -0.012700246647000313 
0.006340006832033396 0.017368657514452934 0.014181803911924362 0.05183093622326851 0.057111889123916626 0.04718780890107155 -0.005619644653052092 0.01784908026456833 0.021885352209210396 
0.009375720284879208 -0.0338321216404438 -0.054261401295661926 -0.02010081149637699 -0.045288171619176865 0.006682980805635452 0.03158770874142647 -0.005981185007840395 -0.03555190563201904 
-0.04863185063004494 -0.12038540095090866 0.10326895862817764 0.1401781439781189 -0.08159658312797546 0.021095694974064827 -0.03706345707178116 0.03948153927922249 -0.021918362006545067 
0.07395637035369873 -0.11765619367361069 -0.0719909742474556 0.020475685596466064 0.11988841742277145 -0.10939160734415054 -0.16335727274417877 -0.01167123019695282 0.011693673208355904 
-0.08659795671701431 0.054997608065605164 0.12236426025629044 -0.008971324190497398 -0.041157983243465424 0.08694109320640564 0.03196970373392105 -0.08787871152162552 -0.06647438555955887 
0.1442916989326477 0.04612555354833603 -0.1972925364971161 -0.1345989853143692 0.0777016133069992 0.04468044266104698 -0.02493233233690262 -0.18925757706165314 0.06894002854824066 
0.031725287437438965 -0.02256057783961296 0.022986453026533127 0.004654353018850088 -0.01009555347263813 -0.04063425585627556 -0.01381741464138031 0.016290726140141487 0.004185211379081011 
-0.12135421484708786 0.06385523825883865 -0.1375291496515274 -0.13588421046733856 0.020474061369895935 0.05145993083715439 -0.021562522277235985 -0.04522547498345375 -0.04468926042318344 
-0.039280716329813004 0.010489360429346561 0.02486998587846756 -0.017725272104144096 -0.011697291396558285 -0.0016605746932327747 0.015532799996435642 -0.03261667117476463 0.003005556296557188 
0.04263148456811905 0.014716699719429016 0.0375063493847847 0.0029067802242934704 -0.0011693262495100498 0.03516630455851555 0.010693238116800785 -0.020240478217601776 -0.006080788094550371 
-0.04152596741914749 0.0059684826992452145 0.10747821629047394 -0.010627410374581814 -0.10853032767772675 -0.042560793459415436 0.03812391310930252 0.022891730070114136 -0.06171358376741409 
0.0056840358301997185 -0.012915955856442451 -0.054717518389225006 -0.004721834324300289 -0.049062807112932205 0.014139040373265743 0.04139458015561104 -0.022414878010749817 -0.05496379733085632 
0.04408819600939751 0.03193303942680359 -0.04081136733293533 0.004099579062312841 -0.0024531097151339054 0.011186212301254272 -0.04026760905981064 -0.040639378130435944 0.049285076558589935 
-0.08917275071144104 -0.05355069413781166 0.1297038048505783 0.13008029758930206 -0.06504666060209274 -0.07542148232460022 0.020373066887259483 0.11068681627511978 -0.025838695466518402 
-0.028793256729841232 -0.14564670622348785 0.12207020074129105 0.16472578048706055 -0.008586036041378975 -0.15516698360443115 -0.04981449618935585 0.15869350731372833 -0.014976805076003075 
-0.0629124715924263 -0.057434309273958206 -0.015014085918664932 0.012020375579595566 0.014921807684004307 0.037143588066101074 0.02037671208381653 0.06209408864378929 0.06688722968101501 
-0.04797360301017761 -0.08344219624996185 -0.059064749628305435 -0.0550997294485569 -0.05403851345181465 -0.06579679995775223 0.005171227268874645 0.0005757767939940095 -0.0028978772461414337 
-0.006979779340326786 -0.08918794244527817 -0.08156109601259232 -0.06757358461618423 -0.03961736336350441 -0.087810218334198 0.011899478733539581 -0.02024831250309944 -0.10995332896709442 
0.009580468758940697 -0.014308666810393333 0.03449619933962822 -0.03314163535833359 0.0535760298371315 -0.007400615606456995 -0.024726033210754395 -0.04737124592065811 0.028040453791618347 
-0.019708003848791122 0.021420862525701523 -0.0447390079498291 -0.030760392546653748 -0.07833530753850937 0.04530082270503044 0.04244985431432724 0.07240600138902664 -0.05784216523170471 
0.03367330878973007 -0.008325562812387943 0.037840425968170166 0.010909088887274265 0.042723897844552994 -0.009144638665020466 0.006930323783308268 -0.03160330653190613 0.021316345781087875 
-0.14046673476696014 0.10807152092456818 -0.06211591884493828 0.06889823079109192 -0.24266327917575836 9.058829164132476e-05 -0.1836259514093399 0.13004644215106964 -0.048992808908224106 
-0.01756751351058483 -0.02431546337902546 0.005709185265004635 0.009913894347846508 0.014269547536969185 0.018052423372864723 -0.007566861342638731 -0.04163644462823868 -0.02030061185359955 
-0.008366060443222523 -0.0005350837018340826 0.037584543228149414 0.020058611407876015 -0.01491924561560154 0.007819426245987415 -0.032163310796022415 -0.04071751981973648 0.014739599078893661 
0.011576242744922638 0.02492353692650795 0.001893450622446835 0.0015280068619176745 -0.002661135047674179 -0.011054182425141335 -0.0379662849009037 -0.01867627166211605 0.01813022419810295 
-0.04559200629591942 -0.000617535668425262 0.0641690343618393 0.02584543265402317 -0.010065379552543163 -0.00043152482248842716 -0.008168716914951801 0.00838901661336422 -0.002067943336442113 
-0.04202118515968323 0.017268233001232147 0.04396190866827965 0.04802286997437477 0.0757768377661705 -0.05873778834939003 -0.11870189011096954 -0.0824500247836113 0.01653977669775486 
-0.08761866390705109 -0.049815110862255096 0.005784547887742519 0.08739469945430756 0.0460163913667202 -0.03300296887755394 -0.1458377242088318 -0.032908253371715546 0.010050570592284203 
-0.023543234914541245 -0.08140618354082108 -0.03334605693817139 -0.006622776389122009 -0.050875864923000336 -0.030923642218112946 0.0017607094487175345 -0.011426943354308605 -0.009073029272258282 
0.02384534850716591 -0.046157144010066986 0.019292756915092468 -0.0096629299223423 0.0659174993634224 -0.024221224710345268 0.02097936160862446 -0.06875519454479218 0.026631727814674377 
0.11300844699144363 -0.05159284174442291 -0.02480168640613556 -0.1987486332654953 0.13936381042003632 0.03764978051185608 0.11643718183040619 -0.12250640243291855 -0.04652242735028267 
-0.026680991053581238 -0.029499037191271782 0.004143485799431801 0.0356796458363533 0.03722948580980301 0.017783766612410545 0.0034718227107077837 -0.005239767022430897 0.049392785876989365 
-0.010944001376628876 -0.01428889762610197 -0.01725098490715027 -0.009785283356904984 0.034690581262111664 0.004265086725354195 0.0193487498909235 -0.01474508736282587 -0.018022937700152397 
-0.07687124609947205 0.03560996055603027 -0.11381186544895172 -0.026576165109872818 -0.0008736589225009084 -0.10888778418302536 -0.04747931286692619 0.09456590563058853 0.0012808596948161721 
0.04035140946507454 0.06917028874158859 0.024529026821255684 0.07554052770137787 -0.03971865028142929 0.040186457335948944 -0.0021096551790833473 -0.014678184874355793 0.017077479511499405 
-0.059128064662218094 -0.02787150628864765 -0.05137750506401062 -7.482895307475701e-05 0.024567173793911934 -0.00879347138106823 0.011175419203937054 0.03676488995552063 0.04085449129343033 
0.07864411920309067 0.1437971293926239 0.11178020387887955 0.05966594070196152 -0.005302027333527803 -0.00023096805671229959 -0.11865821480751038 -0.12492633610963821 -0.13354270160198212 
-0.13333208858966827 -0.15732288360595703 0.020577039569616318 0.019364070147275925 0.2520845830440521 0.037883464246988297 -0.02190134860575199 -0.23410865664482117 -0.14041173458099365 
0.02426893822848797 -0.046562232077121735 -0.049541570246219635 -0.04797450453042984 -0.001315914443694055 0.022069942206144333 -0.0011370133142918348 0.06300074607133865 0.06771652400493622 
-0.04464179649949074 -0.01482860092073679 0.0008997587137855589 -0.01653677225112915 0.0068019721657037735 -0.05127428099513054 -0.006909746676683426 0.010967452079057693 0.03918294608592987 
-0.06676133722066879 0.0014499304816126823 0.006342028733342886 0.02121196873486042 0.07801494747400284 0.04321250692009926 -0.013833805918693542 -0.004832862876355648 -0.024083759635686874 
-0.08756519109010696 -0.08575533330440521 -0.07106665521860123 -0.008598340675234795 0.04142522066831589 0.08715546876192093 0.09214397519826889 0.042413413524627686 -0.016752060502767563 
-0.020667066797614098 -0.03483298048377037 -0.06614900380373001 0.03992670401930809 0.027396811172366142 0.09411927312612534 0.02718193829059601 0.053105589002370834 0.015146241523325443 
0.11338429152965546 0.04550487920641899 -0.09393800795078278 -0.1069851815700531 -0.10441523790359497 -0.033931914716959 0.010468048974871635 0.09263896942138672 -0.013109653256833553 
-0.02958160638809204 0.011590640991926193 0.041754111647605896 0.041228052228689194 0.10114389657974243 0.034732017666101456 -0.047673020511865616 -0.049869898706674576 -0.07193446904420853 
-0.01615002378821373 -0.036452766507864 0.025761492550373077 0.008404496125876904 0.0110348304733634 0.06645635515451431 -0.009054174646735191 -0.00579686276614666 -0.009643691591918468 
0.06972405314445496 0.1930372565984726 0.007823030464351177 -0.00672954460605979 -0.15972454845905304 -0.16039744019508362 0.00028481436311267316 0.05949019268155098 0.13564518094062805 
0.0069233449175953865 -0.06965155154466629 -0.03204972296953201 -0.041646506637334824 -0.07993481308221817 0.008839648216962814 0.06956859678030014 0.08278056979179382 0.11841028183698654 
-0.014655407518148422 0.061210449784994125 0.03129260987043381 -0.014552703127264977 -0.010204330086708069 -0.06193752586841583 -0.07098940759897232 -0.06265392154455185 -0.005044527817517519 
-0.08704414963722229 -0.038308676332235336 -0.07790084928274155 -0.009308609180152416 0.07835830003023148 -0.023457136005163193 0.05370146781206131 -0.004070866387337446 -0.08575645089149475 
-0.08443272113800049 0.019127242267131805 -0.023768112063407898 -0.013173186220228672 0.11097557097673416 -0.02644318901002407 0.050783421844244 -0.004743287339806557 -0.0744745135307312 
0.040689341723918915 0.10232424736022949 0.007794085890054703 0.08977492898702621 0.03048882447183132 -0.015184028074145317 0.02986881323158741 -0.09953099489212036 -0.08242043107748032 
-0.06574991345405579 0.010738346725702286 0.04568372294306755 -0.04488745704293251 0.06294229626655579 0.03287837654352188 0.04546547308564186 0.1065976694226265 0.0427219420671463 
0.0798240602016449 0.010470306500792503 -0.07974324375391006 0.02870495803654194 -0.037033561617136 0.02007552981376648 -0.0452866405248642 0.017944401130080223 0.12969666719436646 
0.025450507178902626 0.10591667145490646 0.03240558132529259 0.06629729270935059 0.04329543560743332 -0.06872861832380295 0.04108026623725891 -0.0565405897796154 -0.05310114473104477 
-0.0511946901679039 -0.04609740898013115 0.004855184815824032 -0.05498725548386574 -0.05182907357811928 0.0583028718829155 -0.027862025424838066 -0.043844982981681824 0.008010568097233772 
-0.03500089794397354 0.004105713684111834 0.03825008496642113 -0.014645839110016823 0.02578260377049446 0.029934218153357506 -0.013370100408792496 0.025978272780776024 0.007971355691552162 
0.06612249463796616 -0.05097639560699463 0.01578386127948761 -0.020376859232783318 -0.09237536042928696 0.00617428682744503 -0.0026917236391454935 0.0032555621583014727 0.0321231335401535 
0.07498320937156677 0.13042405247688293 0.030008411034941673 0.15582212805747986 0.09273070096969604 -0.13052617013454437 -0.008664806373417377 -0.14757251739501953 -0.215347021818161 
-0.0825255811214447 0.03715363144874573 0.0028544573578983545 0.061451610177755356 0.12892109155654907 -0.04525833576917648 0.05023500695824623 -0.06551839411258698 -0.07287885248661041 
0.020987316966056824 -0.0209064781665802 -0.017559750005602837 0.028577299788594246 -0.010442705824971199 0.00770552596077323 -0.01823529601097107 -0.0349072590470314 -0.011558116413652897 
-0.03987695276737213 0.025307217612862587 0.03313402831554413 -0.025798937305808067 0.05576610192656517 -0.06388001888990402 0.06136137247085571 -0.014720085076987743 -0.0489150695502758 
-0.14745771884918213 -0.06163489446043968 0.013218129053711891 -0.027210615575313568 0.13108006119728088 0.10598576068878174 0.06645732372999191 0.07019764930009842 -0.08874959498643875 
-0.14320266246795654 0.045765072107315063 0.034634821116924286 0.02016545832157135 0.07540125399827957 0.01324636023491621 -0.014281939715147018 -0.08119900524616241 -0.0464191660284996 
0.07460502535104752 -0.017244737595319748 -0.03744605928659439 0.00441357446834445 -0.02759842574596405 -0.025070447474718094 -0.04767634719610214 -0.02287355065345764 0.000657841912470758 
