0.09231087565422058 0.17888903617858887 0.08338306099176407 0.08459042012691498 0.10304070264101028 0.05296874791383743 0.1595810204744339 0.24776503443717957 0.11981267482042313 
-0.040682628750801086 -0.024172205477952957 0.018742870539426804 -0.016754919663071632 -0.053493160754442215 -0.03905978798866272 -0.019281242042779922 -0.0385776124894619 -0.0398707240819931 
-0.03361649811267853 -0.021073803305625916 -0.007897261530160904 -0.03391967713832855 0.07182319462299347 0.10323052108287811 0.013592875562608242 0.01825576089322567 0.04644493758678436 
0.016370534896850586 -0.021847646683454514 -0.01532862801104784 0.06872040778398514 0.01951073296368122 0.005460284184664488 -0.03135179355740547 -0.057619765400886536 -0.03153576701879501 
-0.030927617102861404 -0.02473311685025692 -0.03144020959734917 -0.012667699716985226 0.009336406365036964 0.009187608025968075 0.0014779327902942896 0.011301834136247635 0.009121612645685673 
0.00186393060721457 -0.02811567857861519 -0.01582218147814274 0.026337837800383568 -0.05137156695127487 -0.010630570352077484 -0.03166939690709114 -0.05015246942639351 -0.019382452592253685 
-0.018373453989624977 0.03649882227182388 0.030615387484431267 0.001515732379630208 0.09715583175420761 0.08848226815462112 -0.057258594781160355 -0.012785778380930424 0.015859238803386688 
-0.010763272643089294 -0.010319715365767479 -0.04570282623171806 -0.004935712553560734 -0.010621212422847748 -0.04443463310599327 -0.005158852320164442 -0.0024848515167832375 -0.01825498603284359 
-0.05988825857639313 -0.029650818556547165 0.024454589933156967 0.005202934145927429 0.028100719675421715 0.04601599648594856 -0.04566767439246178 0.0007557676290161908 0.024535169824957848 
0.012021303176879883 0.08602923154830933 0.013536956161260605 0.05023197829723358 0.1294049769639969 0.06301470845937729 0.019754555076360703 0.09334464371204376 0.021390710026025772 
-0.07693418115377426 -0.00017063348786905408 -0.01577005721628666 -0.0022263037972152233 0.05654364824295044 -0.015838226303458214 -0.04738574102520943 -0.04837813228368759 0.003094316693022847 
-0.025119313970208168 -0.054569654166698456 -0.038217030465602875 -0.03795984014868736 -0.07074649631977081 -0.05898173525929451 -0.045515261590480804 -0.07351837307214737 -0.06613628566265106 
-0.017214437946677208 -0.05633547902107239 0.005829384084790945 0.03495212271809578 0.09028363227844238 0.04289950430393219 -0.010194840840995312 0.10214178264141083 0.06317196041345596 
0.006264096591621637 0.02180301770567894 0.03746376559138298 -0.027906939387321472 0.007607342675328255 0.08571118116378784 -0.02176586166024208 0.05441023036837578 0.060796041041612625 
0.022173043340444565 0.11885927617549896 0.1207519918680191 0.20602825284004211 0.24667929112911224 0.18237259984016418 0.06069188565015793 0.15581071376800537 0.09682469815015793 
-0.05615605041384697 0.08384434878826141 0.05221850425004959 -0.046188414096832275 0.01697263866662979 0.08961217105388641 0.0008531420025974512 0.11213255673646927 0.10217834264039993 
-0.007090386934578419 -0.019964119419455528 0.024232683703303337 -0.006384782027453184 -0.025896236300468445 -0.013633759692311287 -0.022101648151874542 -0.002574129728600383 -0.002871785080060363 
-0.09589064121246338 0.07135545462369919 -0.03374761715531349 -0.05040113255381584 0.014701182954013348 -0.027709469199180603 -0.04733290895819664 -0.035157520323991776 -0.06838026642799377 
0.022256219759583473 -0.04068361595273018 -0.05034712702035904 -0.003267487045377493 0.04967905208468437 -0.07053796201944351 0.06525847315788269 0.0074439886957407 -0.064174123108387 
-0.11293143779039383 0.06462752819061279 0.09133800119161606 -0.23310858011245728 0.09735482931137085 0.08450297266244888 -0.14056682586669922 0.12725038826465607 0.08098464459180832 
0.02807043120265007 -0.01408893708139658 -0.01679977960884571 0.06630147993564606 -0.05020510032773018 0.01613461785018444 0.0065599787048995495 -0.034871507436037064 -0.04476940631866455 
0.08957391232252121 -0.08468525111675262 0.19284147024154663 0.11228104680776596 -0.033681660890579224 0.2440110445022583 0.0792894959449768 0.04614325985312462 0.17221729457378387 
0.009235828183591366 -0.00779701117426157 0.07514987140893936 -0.01879163645207882 0.011235100217163563 0.00019441673066467047 -0.09417545050382614 0.08051799982786179 0.030306179076433182 
-0.032358381897211075 -0.03533278405666351 0.022512640804052353 -0.026469634845852852 -0.03799927234649658 0.013164941221475601 -0.017806515097618103 -0.020232688635587692 0.005094362888485193 
-0.05942005291581154 0.008723464794456959 0.03543269634246826 -0.11313082277774811 0.010791018605232239 0.0796254575252533 -0.03791192173957825 0.076276034116745 0.04485449567437172 
0.021220656111836433 -0.007968530990183353 0.0224160049110651 -0.02377808652818203 -0.017452498897910118 -0.0008007708820514381 -0.0409931018948555 -0.0193424504250288 0.00484585203230381 
-0.03467223793268204 0.014057996682822704 -0.004232710227370262 -0.005412735510617495 -0.006752054672688246 -0.01956234872341156 -0.053378645330667496 0.0006885712500661612 -0.09913257509469986 
-0.037600159645080566 -0.017438262701034546 -0.026939479634165764 -0.03568364679813385 -0.017556192353367805 -0.0222341176122427 0.0019169622100889683 0.019273914396762848 0.00754429679363966 
0.019518202170729637 0.0035393615253269672 0.00794886238873005 -0.03656114637851715 -0.013542735017836094 -0.04644693434238434 -0.02582915499806404 -0.05631774291396141 0.007305549457669258 
0.029107429087162018 -0.02787928655743599 -0.0353243388235569 0.06902346760034561 -0.040363918989896774 -0.03189394623041153 -0.010867862962186337 0.049451082944869995 -0.08799627423286438 
0.02247483842074871 -0.019157471135258675 -0.025347016751766205 0.009594367817044258 -0.0781455710530281 0.01823502406477928 0.04622470587491989 -0.03428949788212776 0.011775542981922626 
0.021643852815032005 -0.04723026230931282 -0.015438487753272057 0.020441368222236633 -0.004122144542634487 0.06551968306303024 0.01607082225382328 0.03834347054362297 0.09796055406332016 
0.0024112749379128218 -0.06812533736228943 -0.022664865478873253 0.04552725329995155 0.09035330265760422 -0.024960821494460106 0.02705102600157261 0.0014988098992034793 -0.015675248578190804 
0.0004316161503084004 -0.004948420450091362 0.06698168069124222 -0.006463783327490091 0.06724732369184494 -0.010575171560049057 0.060741327702999115 0.018160345032811165 0.021338067948818207 
0.06634540855884552 -0.08138241618871689 -0.08154629170894623 0.06815323978662491 -0.03605151176452637 -0.06047317385673523 -0.035752005875110626 0.01826215721666813 0.0270379725843668 
0.060241956263780594 0.024912318214774132 0.00917033851146698 0.03333888575434685 0.04159959778189659 0.06324136257171631 -0.030690552666783333 -0.047147706151008606 -0.003045453689992428 
-0.08362987637519836 -0.015244481153786182 -0.005833972245454788 0.029289020225405693 0.011720187030732632 0.039910901337862015 0.01810833066701889 0.009078685194253922 -0.02755960449576378 
-0.03942085802555084 -0.029591942206025124 -0.05878807604312897 0.024134928360581398 0.017204569652676582 0.05853857845067978 -0.006054928060621023 0.003168939845636487 0.09234131872653961 
-0.011941208504140377 -0.014006826095283031 -0.00949841272085905 -0.015889909118413925 -0.004141269717365503 -0.08638661354780197 0.05754741281270981 0.034699469804763794 -0.019084665924310684 
-0.02635584957897663 -0.0011617356212809682 0.020244209095835686 -0.06985203176736832 -0.04789575934410095 -0.025387810543179512 -0.06406097859144211 -0.06289441138505936 -0.05656099319458008 
-0.006583924405276775 0.054335352033376694 0.07899890840053558 -0.004630456678569317 0.0462242029607296 0.062153786420822144 -0.053336143493652344 -0.015288177877664566 0.01863238960504532 
0.021487388759851456 0.018494214862585068 -0.006877471227198839 0.04712353274226189 0.03060048073530197 0.005903090350329876 0.03172484412789345 0.061289191246032715 -0.0008908928139135242 
-0.00409918837249279 -0.02139575593173504 -0.02258729748427868 -0.02439330704510212 0.13708192110061646 -0.02263633720576763 0.06442424654960632 0.05496732145547867 0.06461725383996964 
0.02792549692094326 0.014116272330284119 0.02723795734345913 -0.0037576407194137573 -0.0277403611689806 -0.01845667138695717 -0.04235701262950897 -0.06521574407815933 -0.06621485948562622 
-0.07591037452220917 0.0034174693282693624 -0.024179507046937943 0.03604756295681 0.09306178987026215 0.14680646359920502 0.06890460848808289 0.13020312786102295 0.0809185653924942 
0.04973599314689636 0.002756408415734768 -0.04260750859975815 -0.0056501212529838085 0.05284115672111511 0.019690953195095062 -0.029088862240314484 -0.020922819152474403 0.06585633009672165 
-0.01480624359101057 -0.03013474866747856 -0.07328249514102936 0.03605710715055466 -0.003640411188825965 -0.12562839686870575 -0.04352724552154541 -0.0035324604250490665 -0.09640224277973175 
0.019710607826709747 -0.07741870731115341 -0.13522090017795563 0.03558465465903282 -0.037894126027822495 -0.07400159537792206 0.04205708205699921 -0.029925495386123657 0.026346879079937935 
-0.057472407817840576 -0.09914964437484741 -0.04918384924530983 0.025315649807453156 0.06800571829080582 0.05511576309800148 0.00943070463836193 0.0256620105355978 0.10073280334472656 
0.030183875933289528 0.03459371253848076 0.02164650335907936 0.02617158368229866 -0.024679310619831085 0.09079404175281525 0.04537026211619377 0.05135635659098625 0.08450383692979813 
-0.06795933097600937 -0.05223973095417023 0.009381488896906376 -0.07024048268795013 -0.12650111317634583 -0.06335019320249557 -0.02875617891550064 -0.04687716066837311 -0.017536846920847893 
0.03279438614845276 0.05064397305250168 0.03497933968901634 -0.034366000443696976 -0.05805182456970215 -0.02596299536526203 0.00947823841124773 -0.054614607244729996 -0.013122180476784706 
-0.0625719428062439 -0.018681524321436882 -0.07426805794239044 -0.047585632652044296 -0.08582473546266556 -0.056403230875730515 0.0394807793200016 -0.022990718483924866 0.036091726273298264 
0.09959916770458221 0.06161648780107498 0.006402441766113043 0.038463130593299866 0.021202946081757545 -0.041330207139253616 -0.029782531782984734 0.04768422245979309 0.021865714341402054 
-0.010832005180418491 -0.034664399921894073 -0.04478174075484276 -0.04988845810294151 -0.10752660781145096 -0.09275933355093002 -0.016226503998041153 -0.08309859037399292 -0.032655179500579834 
-0.06754080206155777 -0.05326642841100693 -0.05517703667283058 0.007527997251600027 0.02208803780376911 0.012216410599648952 0.05144220590591431 0.044421788305044174 0.02105676382780075 
-0.011106678284704685 -0.018802428618073463 -0.012942924164235592 0.09679407626390457 0.08350863307714462 0.0549340695142746 0.039050258696079254 0.11451427638530731 0.11589716374874115 
-0.010186716914176941 -0.0024234908632934093 0.0036436780355870724 -0.017837274819612503 -0.0010091159492731094 0.01517796702682972 0.05201176926493645 0.10773248225450516 0.1026189997792244 
0.053481969982385635 -0.0033046244643628597 -0.0487382709980011 -0.010565861128270626 0.10808172076940536 -0.00027920352295041084 0.039102789014577866 0.0573589913547039 0.0784168615937233 
-0.051191192120313644 -0.04473061114549637 -0.061433158814907074 0.03211949020624161 0.03318226709961891 0.009011359885334969 0.10443637520074844 0.10171180963516235 0.07736113667488098 
0.05189204961061478 0.07110300660133362 0.001732781995087862 0.056547097861766815 0.13860256969928741 0.04180304333567619 0.016617096960544586 0.10972598195075989 0.07125308364629745 
-0.03874073922634125 0.03282376378774643 0.06358915567398071 -0.03370465710759163 -0.04760921373963356 0.027094414457678795 -0.02246195636689663 0.007733247242867947 -0.01730525679886341 
-0.03476186841726303 -0.04585306718945503 -0.05524154752492905 -0.00938110426068306 -0.08547324687242508 -0.048474203795194626 -0.03388785570859909 -0.08589259535074234 -0.06779582053422928 
-0.05988460034132004 -0.1326935887336731 0.01512797549366951 -0.05871328338980675 -0.13061395287513733 -0.050391457974910736 0.049365099519491196 -0.08001144230365753 -0.06400392204523087 
0.046235743910074234 -0.01761995069682598 0.025544781237840652 0.12481305748224258 0.13793833553791046 0.09358706325292587 -0.0021692547015845776 0.009165730327367783 0.013619131408631802 
0.04286191239953041 -0.03685888648033142 0.06935276091098785 -0.04161534458398819 0.11173804849386215 0.01453144010156393 0.03627433255314827 -0.004868701566010714 0.02150239609181881 
-0.014770572073757648 -0.004781154450029135 -0.03951044753193855 0.07243946194648743 0.017599618062376976 -0.00887081678956747 0.03177308663725853 0.03635289892554283 0.02809063345193863 
0.02628505229949951 -0.006419565062969923 0.07157643139362335 -0.022152671590447426 -0.033845238387584686 -0.03026140294969082 0.04383300617337227 0.005329224746674299 0.007694082334637642 
0.00601238664239645 -0.06770715117454529 -0.01342018973082304 -0.016225095838308334 -0.01734529435634613 -0.0077117932960391045 -0.027446188032627106 0.041684120893478394 -0.00486164353787899 
-0.02247433178126812 0.05055079609155655 -0.030162662267684937 -0.02571864426136017 0.011712740175426006 0.08019762486219406 -0.03664960712194443 -0.033833470195531845 0.003122739028185606 
-0.08074978739023209 -0.07717165350914001 -0.07120603322982788 -0.0572248250246048 -0.07530174404382706 -0.09500804543495178 -0.038875605911016464 -0.05974538251757622 -0.0817960575222969 
-0.00156538060400635 0.006931001786142588 0.011526796966791153 0.010912175290286541 0.018261656165122986 0.018295589834451675 0.021178321912884712 0.033273693174123764 0.028927890583872795 
-0.05217693746089935 -0.06477425992488861 0.005020475946366787 -0.044114816933870316 0.006929495837539434 -0.025391610339283943 -0.017677776515483856 0.003864613361656666 -0.011292612180113792 
-0.039026908576488495 -0.029290296137332916 0.002360915532335639 -0.024118762463331223 0.025822453200817108 -0.0054620495066046715 0.020497063174843788 0.03330531716346741 -0.00161837472114712 
-0.08243830502033234 -0.06411900371313095 -0.08223051577806473 -0.10353873670101166 -0.00797209981828928 -0.01713397540152073 -0.048591699451208115 -0.0685916393995285 -0.03896167874336243 
0.03809681162238121 0.03727137669920921 0.030728673562407494 0.06605958938598633 0.06566761434078217 0.057789064943790436 0.019191782921552658 0.0196392759680748 0.008501565083861351 
-0.02797754667699337 0.006846029311418533 -0.03603454679250717 -0.029177052900195122 0.03157827630639076 0.05569799989461899 -0.02475658804178238 0.07077831774950027 0.016836555674672127 
0.09716392308473587 -0.002100554993376136 0.1312370002269745 0.06168752536177635 0.22562356293201447 0.10109242796897888 0.05515838786959648 0.058314066380262375 0.1750730723142624 
0.0373745858669281 0.11957649886608124 0.06298453360795975 0.019651353359222412 -0.10812866687774658 0.009035526774823666 0.00015131816326174885 0.12112408131361008 0.05919213965535164 
-0.045091185718774796 -0.039674390107393265 -0.08799973875284195 0.029481807723641396 0.01086996030062437 -0.08292192220687866 0.019606204703450203 -0.05618228018283844 -0.10296786576509476 
0.02181003801524639 0.0441104955971241 0.0371650755405426 -0.006499591749161482 0.02856052853167057 0.01100284606218338 0.010832054540514946 0.01538097858428955 -0.02000279352068901 
-0.027252521365880966 -0.0146125303581357 0.0010736922267824411 -0.026786616072058678 -0.018564121797680855 0.007045301608741283 0.00543168792501092 0.0005860379314981401 0.01187579333782196 
0.01106733176857233 0.003622764255851507 -0.006642491091042757 -0.027026807889342308 0.0002772162260953337 0.040324654430150986 -0.03526674211025238 0.010762439109385014 0.04312556982040405 
0.03190845623612404 -0.0002711184788495302 -0.039530832320451736 0.07450638711452484 0.017719972878694534 -0.013531128875911236 0.036808714270591736 -0.01580142043530941 -0.03452777490019798 
-0.015549035742878914 -0.013010924682021141 0.006567919161170721 -0.009474784135818481 0.024959024041891098 0.03952754661440849 -0.0024965230841189623 0.003533596871420741 0.00967447180300951 
-0.011653533205389977 -0.03747854381799698 -0.020937567576766014 0.0181923545897007 -0.011549564078450203 0.010796729475259781 0.00020975260122213513 -0.0024580955505371094 -0.002181369112804532 
-0.04869561269879341 -0.030010294169187546 -0.054790813475847244 -0.016355078667402267 -0.014247218146920204 0.011633145622909069 -0.04255435988306999 -0.018804607912898064 -0.0022095192689448595 
-0.009914581663906574 -0.012001649476587772 -0.028387490659952164 -0.010152354836463928 -0.012359607964754105 -0.028892600908875465 -0.015421333722770214 -0.016537249088287354 -0.031135259196162224 
0.020140541717410088 -0.019300678744912148 -0.02669992670416832 0.04376383498311043 0.004827560856938362 -0.03344099223613739 0.03212205320596695 0.006295511499047279 -0.029205795377492905 
-0.00840961653739214 -0.03500661998987198 -0.037248414009809494 0.0231052003800869 0.0268150232732296 0.014850619249045849 0.012779629789292812 0.02500213123857975 0.013378622941672802 
-0.017745764926075935 0.04222039133310318 0.02482726238667965 -0.014449850656092167 0.04254372790455818 0.03807495906949043 0.023681901395320892 0.023876596242189407 -0.01896032504737377 
0.04055915027856827 0.051572542637586594 0.053828317672014236 -0.0030152357649058104 0.007635781541466713 0.007510288152843714 -0.03516669198870659 -0.022382520139217377 -0.022795284166932106 
-0.03481892868876457 -0.01735854707658291 0.015044158324599266 -0.031158627942204475 -0.002580911386758089 0.004431571811437607 -0.01905582658946514 0.011845286935567856 0.0386037677526474 
-0.0013034596340730786 -0.002413399750366807 0.007418486289680004 -0.008886056952178478 -0.004028344992548227 0.015276975929737091 -0.04611986503005028 -0.035793207585811615 -0.023875240236520767 
-0.040709253400564194 -0.06617181748151779 -0.04171476885676384 -0.009704788215458393 0.02632945403456688 -0.016972515732049942 -0.06131073459982872 -0.01279282197356224 -0.012934256345033646 
0.0002582950110081583 -0.022373519837856293 0.0016330135986208916 -0.002782638417556882 0.026298297569155693 -0.007170244585722685 -0.004423046484589577 0.015922635793685913 0.06290944665670395 
-0.017762169241905212 0.015009929426014423 0.0357820987701416 0.0172773115336895 0.006090617273002863 -0.0393986813724041 -0.0037727749440819025 0.0017871642485260963 -0.05880165845155716 
0.051204223185777664 0.020654888823628426 0.0855540782213211 0.13709335029125214 0.19467775523662567 0.15428410470485687 -0.0004077225166838616 0.09498561173677444 0.05042150989174843 
0.003551451489329338 -0.04173331707715988 -0.023790206760168076 -0.020138423889875412 0.04453865811228752 0.024797875434160233 -0.0198536179959774 0.03811207786202431 0.048629097640514374 
0.03677462413907051 -0.01045019831508398 -0.0041108084842562675 0.003767120186239481 -0.01614251174032688 -0.0407799668610096 0.0001346630451735109 -0.00984236504882574 0.020529838278889656 
0.13993588089942932 0.07262159138917923 0.1580173373222351 0.2028120905160904 0.064258873462677 0.24678373336791992 0.13254773616790771 0.07447698712348938 0.16332222521305084 
-0.023403432220220566 0.03739128261804581 -0.01365466509014368 -0.00386296259239316 0.09654874354600906 0.09934800863265991 -0.04714583232998848 0.1193462535738945 0.06784612685441971 
-0.020539971068501472 -0.002935608848929405 -0.006692903116345406 0.0005696956068277359 -0.015510426834225655 0.00021562681649811566 -0.04139849543571472 -0.030629495158791542 0.019423948600888252 
0.014498149044811726 0.02946353331208229 0.03808047994971275 -0.008228127844631672 0.02098102681338787 0.03463985025882721 -0.014701391570270061 0.020683782175183296 0.03483268991112709 
-0.015340992249548435 -0.013225141912698746 -0.018574202433228493 -0.01276959665119648 0.0039793336763978004 0.0006079872837290168 0.005256142467260361 0.03872568532824516 0.03943033516407013 
-0.015590458177030087 -0.04395592212677002 -0.019716626033186913 -0.0062487684190273285 -0.02010614052414894 0.012500348500907421 0.009396218694746494 0.0005247903172858059 0.005966446828097105 
-0.029773995280265808 0.021177373826503754 0.001834337948821485 0.029350019991397858 0.031951695680618286 0.004911839962005615 -0.04564298316836357 -0.04789750277996063 -0.008892766200006008 
0.03214598447084427 0.055470071732997894 0.027946336194872856 0.01782003603875637 0.03616255521774292 0.00853753462433815 0.0150902783498168 0.03791682422161102 0.0042072501964867115 
-0.04553758725523949 0.00939280353486538 0.03539365530014038 0.043060801923274994 0.10596838593482971 0.10470951348543167 0.06461996585130692 0.04142983630299568 0.10342177003622055 
-0.023885874077677727 -0.07085199654102325 -0.0333140529692173 -0.0613870769739151 -0.015374543145298958 -0.03480623662471771 -0.04973366856575012 -0.023382985964417458 -0.048890355974435806 
0.023052139207720757 0.034023068845272064 0.01181045826524496 -0.04196449741721153 -0.024034563452005386 -0.01406642235815525 -0.011698066256940365 -0.02266666851937771 -0.0023343798238784075 
0.0291933361440897 0.03056284226477146 -0.010804690420627594 -0.01804088056087494 0.047692399471998215 0.033184703439474106 -0.06384676694869995 0.013327048160135746 0.01726696640253067 
-0.001176780671812594 -0.007725973147898912 -0.009761586785316467 0.011157581582665443 0.025960613042116165 0.05988288298249245 -0.03863164409995079 -0.023630710318684578 0.013262930326163769 
-0.0017333655850961804 -0.007499728351831436 -0.009581949561834335 -0.00817243754863739 -0.011440458707511425 -0.01493252906948328 -0.008758402429521084 0.014724896289408207 0.006282976362854242 
0.017358044162392616 0.0014554138761013746 0.02621304616332054 -0.00857609137892723 -0.019416462630033493 -0.0147015992552042 0.002156064845621586 -0.03627108782529831 -0.013842178508639336 
-0.014758084900677204 -0.0045937057584524155 0.016533736139535904 -0.008387605659663677 0.021139074116945267 0.03108174353837967 0.02709207497537136 0.03292281925678253 0.029434340074658394 
-0.05301105976104736 -0.011211015284061432 -0.06068729609251022 -0.06914064288139343 -0.03815458342432976 -0.05803742632269859 -0.029794007539749146 -0.030082261189818382 -0.02989199198782444 
-0.00752069940790534 -0.046072520315647125 -0.01604585163295269 -0.019313868135213852 -0.05902545526623726 -0.012396089732646942 -0.016482064500451088 -0.04428242892026901 0.021803783252835274 
-0.0020163841545581818 -0.01953546144068241 0.00015570961113553494 0.007724315393716097 -0.0019205634016543627 -0.0046671172603964806 0.011490821838378906 0.00022743531735613942 -0.010044741444289684 
0.08418592810630798 0.07597185671329498 0.04216647893190384 0.1131003275513649 0.10274337977170944 0.06990830600261688 0.10523026436567307 0.09771271795034409 0.06622564047574997 
0.006856914144009352 -0.01513801608234644 -0.0014127448666840792 -0.030255204066634178 -0.0368945375084877 -0.0008336902828887105 -0.01818934828042984 -0.013996262103319168 0.013513196259737015 
-0.04275895282626152 0.00694570317864418 -0.0068600294180214405 0.046193014830350876 0.07440683990716934 0.05962720513343811 0.0359884649515152 0.0646040067076683 0.07250019162893295 
-0.012247947975993156 -0.0004257850523572415 0.01492894347757101 0.004135536961257458 0.024434611201286316 0.013843298889696598 0.015391145832836628 0.022307612001895905 0.003947988152503967 
-0.02992057241499424 -0.03965311869978905 -0.02703491412103176 -0.04083416238427162 -0.05031329020857811 -0.037499308586120605 -0.05614575743675232 -0.06518606841564178 -0.05035393312573433 
0.027028465643525124 0.028384633362293243 0.027285261079669 -0.029574614018201828 -0.015542537905275822 0.0060185897164046764 -0.02056228183209896 -0.009529263712465763 0.012113737873733044 
-0.014261548407375813 -0.0234670527279377 -0.03331777825951576 -0.017309220507740974 -0.012073073536157608 0.016201799735426903 -0.01050542201846838 0.03352828696370125 0.015484394505620003 
0.015552827157080173 0.07391486316919327 0.05852953717112541 -0.022138075903058052 0.006824539043009281 0.0194468405097723 -0.028336763381958008 0.012030067853629589 0.01608460396528244 
0.06209425628185272 0.0421774797141552 0.018244870007038116 0.05167718231678009 -0.0177972000092268 0.0024502568412572145 0.04583491012454033 -0.026190385222434998 0.002262112684547901 
-0.037157874554395676 0.0018871567444875836 0.017440587282180786 0.04021873325109482 0.0054942104034125805 -0.013203399255871773 -0.04954984039068222 -0.037188854068517685 -0.04781906306743622 
0.009172637946903706 -0.030676977708935738 -0.013017178513109684 -0.01362675428390503 -0.04604128375649452 -0.03156861662864685 0.015063918195664883 0.020898787304759026 -0.018338317051529884 
-0.03425389155745506 0.00964352022856474 0.0004575862840283662 0.05608392506837845 -0.014160455204546452 -0.04262939468026161 0.019307376816868782 -0.0017426739213988185 -0.007580632343888283 
-0.0512520931661129 -0.043364204466342926 0.008291836827993393 -0.06621158868074417 -0.06842448562383652 -0.02402617409825325 -0.009791976772248745 -0.04303726926445961 0.0009703005780465901 
-0.01952921226620674 -0.07916367799043655 -0.08600359410047531 -0.0294002927839756 -0.06767351925373077 -0.05957223102450371 0.03075035661458969 -0.00665658013895154 0.006409885827451944 
-0.0004901811480522156 -0.09679673612117767 -0.06705302000045776 -0.031438373029232025 -0.1029612123966217 -0.10058929026126862 0.006353795062750578 -0.053194910287857056 -0.042559899389743805 
-0.029103577136993408 -0.030359145253896713 0.006160341668874025 0.0021327233407646418 0.018900500610470772 -0.039428018033504486 0.036975957453250885 -0.01216979045420885 -0.03454909846186638 
-0.001783019513823092 0.017183829098939896 0.0008438880904577672 -0.010849214158952236 0.003291365457698703 -0.015214557759463787 -0.03993970900774002 -0.007295515388250351 -0.020338114351034164 
0.02891632728278637 -0.03246516361832619 -0.02850831300020218 -0.00045210198732092977 0.006282060407102108 -0.024125760421156883 0.025334123522043228 0.014829804189503193 0.028922567144036293 
0.03481292352080345 0.02526029199361801 0.015528833493590355 0.06810898333787918 0.08269032835960388 0.07827116549015045 0.05368155986070633 0.04425534978508949 0.025587009266018867 
0.0027748083230108023 -0.06085849925875664 -0.00032943571568466723 -0.007367189507931471 0.005036476533859968 0.028569789603352547 0.016232091933488846 -0.018461614847183228 -0.04678238555788994 
-0.027666933834552765 -0.05314689502120018 -0.04995240271091461 -0.01634823903441429 -0.0395369753241539 -0.03470161557197571 -0.05158950760960579 -0.07542061805725098 -0.07085441052913666 
0.033391859382390976 -0.026341700926423073 -0.06728576123714447 -0.07255863398313522 -0.06617604941129684 -0.030346034094691277 -0.03745643422007561 -0.09237492829561234 -0.04031645134091377 
0.025612400844693184 0.04127302020788193 0.06551378220319748 0.06263229250907898 0.030672313645482063 -0.02714192122220993 1.3318872333911713e-05 0.014364943839609623 -0.0007706180331297219 
0.025253959000110626 0.03372519835829735 -0.024920491501688957 0.004672964569181204 -0.008718017488718033 -0.030528360977768898 0.03605284169316292 0.017683973535895348 0.0037514586001634598 
-0.03520916402339935 -0.02805648185312748 -0.02637292630970478 0.040828462690114975 0.037470050156116486 -0.0032559295650571585 -0.02212737873196602 0.014823174104094505 -0.04778358340263367 
-0.022114496678113937 0.03602419048547745 0.10069674253463745 -0.00634555472061038 0.06848054379224777 0.06045502424240112 -0.0013712889049202204 0.050325922667980194 0.049844346940517426 
-0.011680100113153458 0.03949828818440437 0.020191894844174385 0.019612684845924377 0.058274224400520325 0.041324716061353683 -0.05666225776076317 -0.03700750321149826 0.01591191627085209 
0.017510108649730682 0.005528078880161047 -0.03629014641046524 -0.004928785376250744 -0.039856746792793274 -0.008202584460377693 -0.049153365194797516 0.03443705663084984 0.022840864956378937 
-0.07371779531240463 -0.06746096163988113 -0.05001088231801987 -0.09520529210567474 -0.1286422610282898 -0.0755053162574768 -0.006526852026581764 -0.06910727918148041 -0.1151866763830185 
-0.04716474190354347 0.03237935155630112 -0.08977005630731583 -0.03505432605743408 0.09040488302707672 -0.06252037733793259 -0.06218717247247696 0.0028147452976554632 -0.058697763830423355 
0.008417829871177673 -0.001510997535660863 -0.02633148431777954 -0.028552120551466942 0.06530691683292389 -0.00210122624412179 -0.056725285947322845 0.01509192492812872 -0.0381925106048584 
-0.013148188591003418 0.027577051892876625 -0.018733132630586624 0.034841109067201614 0.011161339469254017 0.05722656473517418 0.02924654819071293 0.0033507063053548336 0.036041464656591415 
-0.026942839846014977 -0.04318799078464508 -0.033629272133111954 -0.02554936334490776 -0.04049239307641983 -0.03347296640276909 0.0015925688203424215 -0.004295910708606243 -0.0100852744653821 
-0.007510920520871878 0.0064747813157737255 -0.04063599556684494 0.0188257098197937 0.037654779851436615 0.003209778806194663 0.005948406644165516 0.054774463176727295 0.006758279167115688 
0.024977151304483414 0.02691304124891758 0.014478380791842937 -0.05445456504821777 0.010317006148397923 0.06287334859371185 -0.08214576542377472 0.00717940554022789 0.10822953283786774 
-0.008421031758189201 0.0510118268430233 0.044323310256004333 0.026725666597485542 0.0813438817858696 0.053725384175777435 0.0027663237415254116 -0.05892305076122284 -0.017954347655177116 
0.02451551891863346 -0.005731530953198671 -0.04181643947958946 0.019307609647512436 -0.007215218152850866 -0.04059985652565956 0.027468595653772354 0.007301418576389551 -0.02824264205992222 
-0.015968050807714462 0.014348135329782963 0.0068668765015900135 -0.00995483249425888 -0.0004884488298557699 0.06366414576768875 -0.034278638660907745 0.016199538484215736 -0.028959617018699646 
-0.04810091853141785 0.02901245281100273 0.011938042938709259 0.03354984149336815 0.02414836175739765 0.026278434321284294 0.02694723568856716 0.0456014946103096 0.017276529222726822 
0.005573708564043045 -0.03267141804099083 -0.07105794548988342 -0.002131990622729063 -0.03939734026789665 -0.03457102179527283 -0.00391331547871232 0.010638748295605183 0.006294697988778353 
0.0014762715436518192 0.04923654720187187 -0.010849476791918278 -0.04743976518511772 0.06352891027927399 -0.030637722462415695 -0.03734623268246651 -0.02145681157708168 0.0619044154882431 
-0.01873789168894291 -0.0931873545050621 -0.08690447360277176 -0.05176763981580734 -0.1337248980998993 -0.1409836858510971 -0.04711102321743965 -0.054488714784383774 -0.0037709421012550592 
-0.010157624259591103 0.08539977669715881 0.09580904990434647 0.04643787071108818 0.19653721153736115 0.04721279814839363 0.0906975045800209 0.11807240545749664 0.12428555637598038 
-0.04428394138813019 0.024054016917943954 0.05611872673034668 -0.08149472624063492 0.06511161476373672 0.1658165454864502 -0.026725223287940025 0.06070666387677193 0.05714001879096031 
0.020185772329568863 -0.026403624564409256 -0.043538667261600494 0.018752923235297203 0.016987159848213196 0.017398959025740623 -0.02691890485584736 0.059544362127780914 0.0025039606261998415 
-0.0846984013915062 -0.015755334869027138 -0.014260301366448402 -0.031155765056610107 0.02933630160987377 -0.01369669009000063 0.02032914198935032 0.066250741481781 -0.04755783826112747 
-0.049763817340135574 -0.0547800287604332 -0.07430931180715561 -0.02290327660739422 -0.04118344560265541 -0.05836251750588417 0.013880626298487186 -0.06405210494995117 -0.03408852964639664 
-0.0214803759008646 -0.013462883420288563 -0.016306793317198753 -0.07638783007860184 -0.04221092909574509 0.0867498368024826 -0.07556469738483429 0.05436599999666214 -0.02622378244996071 
-0.01591169461607933 -0.01790766976773739 -0.014506974257528782 -0.01382147241383791 -0.003161026630550623 0.011337718926370144 -0.03971550241112709 0.0013085908722132444 0.04096631333231926 
-0.005857311654835939 -0.05544528365135193 -0.06962449103593826 -0.06340005248785019 -0.08520729839801788 -0.11300075799226761 -0.08042198419570923 -0.036866091191768646 -0.02905149571597576 
-0.05283987894654274 -0.05500299483537674 -0.04407963901758194 -0.01893247291445732 -0.026641787961125374 -0.016669858247041702 -0.010039396584033966 -0.0046880124136805534 0.0023188800550997257 
-0.03930029645562172 0.03846356272697449 0.016308533027768135 0.14274616539478302 0.12097938358783722 0.038176197558641434 0.08347675949335098 0.11059072613716125 -0.04425588995218277 
-0.014734729193150997 -0.017816616222262383 -0.022739365696907043 -0.07190662622451782 -0.07283180207014084 -0.07097876071929932 -0.05726636201143265 -0.051883913576602936 -0.044766783714294434 
-0.03632378950715065 -0.0974527969956398 -0.14103810489177704 0.0435570552945137 -0.1018061637878418 -0.10268206894397736 -0.006298045627772808 -0.05085882171988487 -0.09802642464637756 
-0.0189471784979105 0.022892732173204422 0.03970221057534218 0.0380890890955925 0.0686744973063469 0.053885865956544876 0.006491529289633036 0.053772203624248505 0.05808500200510025 
-0.02518310211598873 -0.07149510830640793 0.0027359372470527887 -0.054426077753305435 0.014201629906892776 -0.0019526532851159573 -0.017847370356321335 -0.015803590416908264 -0.10917195677757263 
-0.016035737469792366 0.053792282938957214 -0.009866666980087757 -0.007718907203525305 -0.012146218679845333 0.02186441235244274 -0.02550574764609337 -0.009562172926962376 0.06404279172420502 
-0.01916210912168026 -0.031304724514484406 -0.02284102700650692 -0.004934261087328196 -0.010302899405360222 0.010050823912024498 -0.03769899159669876 -0.04212949052453041 -0.017610983923077583 
0.03763313591480255 0.05289001762866974 0.06371355056762695 0.007625558879226446 0.05061005800962448 -0.014528010040521622 0.010285945609211922 0.039878275245428085 -0.01393520925194025 
0.009238463826477528 0.002707438077777624 0.0075224353931844234 0.046199824661016464 -0.02371564321219921 -0.026917235925793648 0.03092323988676071 -0.03474860638380051 -0.03392638638615608 
-0.019884396344423294 0.006963398307561874 0.005262463819235563 -0.06643832474946976 -0.021374264732003212 -0.0069406176917254925 0.010477859526872635 0.02754088304936886 0.026053177192807198 
0.01719159632921219 -0.08095823228359222 0.007977230474352837 -0.02578475885093212 -0.07547149062156677 -0.03182211518287659 -0.02340421825647354 -0.02298658713698387 -0.0419975146651268 
-0.009883403778076172 0.046123042702674866 -0.05379378795623779 -0.02672959677875042 0.006463270168751478 -0.06295854598283768 -0.006667471956461668 -0.01803998462855816 -0.03682830184698105 
-0.007212103344500065 -0.017473554238677025 -0.002945191226899624 -0.017197899520397186 -0.003563054371625185 -0.02581663429737091 0.01754816435277462 0.0031438320875167847 -0.05226864293217659 
0.04542126506567001 0.04907644912600517 0.031845662742853165 0.03195999190211296 0.03213430941104889 0.015870066359639168 0.0001390080724377185 0.006806205026805401 -0.002225841861218214 
0.02987794019281864 0.021489430218935013 -0.010968220420181751 0.00927223451435566 0.015347405336797237 0.02687993273139 -0.0042617409490048885 0.007096041459590197 0.024652747437357903 
-0.039902832359075546 -0.014990076422691345 -0.0239858478307724 0.0002981213328894228 0.021635964512825012 0.02027919329702854 0.006477975752204657 0.024073071777820587 0.02674626186490059 
0.021964848041534424 -0.019809851422905922 0.005870142951607704 0.017640380188822746 0.02701619826257229 0.024279573932290077 -0.016546029597520828 -0.002160788979381323 -0.0051432144828140736 
0.012905786745250225 -0.003806424094364047 -0.01231806818395853 0.051545627415180206 0.03659474104642868 0.028873208910226822 0.0024450430646538734 -0.01224235724657774 -0.01848660409450531 
0.00591921666637063 0.006124015897512436 -0.006111436989158392 -0.00020735898579005152 -0.032625600695610046 0.022186877205967903 -0.0211806483566761 -0.04231910780072212 0.008708697743713856 
-0.01656380109488964 -0.010540065355598927 0.018470527604222298 -0.023421915248036385 -0.0038872745353728533 -0.01326725259423256 -0.0378418006002903 -0.04213181510567665 -0.03657473251223564 
0.08139819651842117 0.0969025045633316 0.07751093059778214 0.048499833792448044 0.024208320304751396 0.04946012794971466 -0.016591086983680725 -0.008415321819484234 -0.03156420588493347 
-0.08318362385034561 -0.02707526832818985 -0.011085358448326588 -0.052902258932590485 -0.04008346050977707 -0.02377448044717312 -0.03514188900589943 -0.027069006115198135 -0.05484238639473915 
0.037005335092544556 0.043948907405138016 0.004556230269372463 0.05133340507745743 -0.01846838928759098 0.03579238802194595 0.038514599204063416 0.05246444419026375 0.06616708636283875 
-0.016265807673335075 -0.006395891308784485 -0.04161400347948074 0.03518114984035492 -0.04861059784889221 0.011498219333589077 0.03592471405863762 -0.037726134061813354 -0.002364521147683263 
-0.03487931936979294 -0.012953843921422958 -0.04084313288331032 -0.08559149503707886 -0.06780044734477997 -0.08345950394868851 -0.030451858416199684 -0.06589788943529129 -0.05426805093884468 
0.01882885955274105 0.061945781111717224 -0.009756714105606079 0.0013791039818897843 0.041661202907562256 -0.025845875963568687 -0.026661481708288193 0.029675619676709175 -0.04281267523765564 
-0.025513235479593277 0.06681722402572632 0.033924516290426254 0.009049376472830772 0.08876749128103256 0.01303801964968443 0.024658355861902237 0.11436915397644043 0.08558079600334167 
0.031713224947452545 -0.05089856684207916 0.06780106574296951 0.0077171120792627335 -0.06456731259822845 -0.003956372383981943 0.058659493923187256 0.01921972818672657 0.03153012692928314 
0.08421291410923004 0.026317914947867393 0.024384640157222748 -0.02223946899175644 -0.04686558619141579 -0.05608290433883667 -0.007747879717499018 -0.0012922966852784157 -0.031541626900434494 
-0.004232492763549089 -0.003100152825936675 -0.01133179571479559 0.008967597968876362 0.013979452662169933 0.010992038995027542 -0.007005779072642326 -0.01287779025733471 -0.016275733709335327 
0.02975916489958763 0.015751227736473083 -0.004882119596004486 0.0346379354596138 -0.049606580287218094 -0.05794607847929001 -0.046373151242733 -0.08227328956127167 -0.045532818883657455 
-0.009414782747626305 0.02549874410033226 0.031020697206258774 0.0043977112509310246 0.010953690856695175 0.02102067694067955 0.07416991144418716 0.031215321272611618 0.016703175380825996 
-0.13915885984897614 -0.16889400780200958 -0.18884269893169403 -0.10665805637836456 -0.25744929909706116 -0.20548126101493835 -0.09587305039167404 -0.10501526296138763 -0.08925692737102509 
-0.007128645200282335 0.008955055847764015 -0.01440455112606287 -0.008269513957202435 0.014648998156189919 -0.005283305887132883 -0.012694969773292542 0.004522889852523804 -0.020394816994667053 
-0.00800994597375393 -0.042538322508335114 -0.07364966720342636 -5.577079355134629e-05 -0.10053134709596634 -0.1422678530216217 -0.036402445286512375 -0.12345574051141739 -0.09640579670667648 
-0.013874414376914501 0.009025129489600658 -0.07892811298370361 0.013254348188638687 -0.07930287718772888 -0.08622768521308899 0.03003152459859848 0.013215219601988792 -0.037292055785655975 
0.07571973651647568 0.03968038409948349 -0.021300548687577248 -0.04524357616901398 0.0017483254196122289 0.022776586934924126 0.006777623668313026 -0.03420380875468254 0.03186940401792526 
-0.010161999613046646 -0.01650896668434143 -0.06941717118024826 -0.03798295930027962 -0.035441044718027115 -0.035884905606508255 -0.05618654191493988 -0.037165675312280655 -0.011866860091686249 
0.11192822456359863 0.06086534261703491 -0.006917803548276424 -0.05059713125228882 -0.0624193474650383 0.05019279569387436 0.07677695900201797 0.03661365061998367 0.01802724599838257 
-0.013968929648399353 0.03557145595550537 -0.002916867844760418 0.01334741897881031 -0.06141075864434242 0.04618428647518158 -0.0005994209786877036 -0.03603319823741913 -0.013305369764566422 
-0.007599244825541973 -0.0666748434305191 -0.007737488951534033 -0.10991277545690536 -0.09987863898277283 -0.12040688842535019 -0.042349740862846375 -0.07658100873231888 -0.13441699743270874 
-0.01719287410378456 0.005486875772476196 0.0016723860753700137 0.03380277752876282 0.04832744598388672 0.053220223635435104 -0.04612807184457779 -0.014125143177807331 -0.006629051640629768 
-0.08820147812366486 -0.01680464670062065 -0.06064346060156822 -0.11262806504964828 -0.06399071216583252 -0.10014670342206955 -0.07676281780004501 -0.071754589676857 -0.06358402967453003 
-0.10009964555501938 0.01428942196071148 0.04200858622789383 -0.06075213849544525 -0.08329619467258453 0.05275815725326538 -0.05568632110953331 -0.03029279038310051 0.044592343270778656 
0.006736256182193756 -0.002900776220485568 0.025199564173817635 -0.03376569226384163 -0.03276902064681053 -0.01825588196516037 0.006266432348638773 -0.05696653947234154 0.0017075446667149663 
-0.03650294616818428 -0.013388373889029026 0.045481808483600616 -0.005670405924320221 -0.006824512965977192 0.027509955689311028 0.01877734065055847 0.010899029672145844 0.01915467530488968 
0.0012473452370613813 0.04609096050262451 0.05218081921339035 0.052212245762348175 0.08376128226518631 0.11301805824041367 0.023846374824643135 0.05787132680416107 0.06509073823690414 
-0.010214104317128658 0.0165347158908844 0.028816932812333107 0.01359665859490633 -0.016812201589345932 0.029794184491038322 0.041345708072185516 -0.029938332736492157 -0.037531301379203796 
-0.005631344858556986 0.06588342785835266 0.03331194445490837 0.011851135641336441 0.010813639499247074 0.03041171282529831 -0.023648414760828018 0.010761473327875137 0.013135137036442757 
-0.04079914465546608 -0.034403081983327866 -0.0009035891853272915 -0.0763009563088417 -0.06705521047115326 -0.04099791496992111 -0.05578555539250374 -0.04787511005997658 -0.02731754630804062 
0.01710110530257225 -0.020274288952350616 -0.006696331314742565 0.05374792218208313 0.05247737467288971 -0.08888740837574005 -0.02245328389108181 0.0027713431045413017 -0.024434303864836693 
0.04803367704153061 0.06972961127758026 -0.04155014082789421 -0.020124638453125954 -0.01626639813184738 0.08804777264595032 0.02817116118967533 0.04922158643603325 -0.018309449777007103 
-0.0976567417383194 -0.0925614982843399 -0.04231712594628334 -0.02893282100558281 -0.012366576120257378 0.022556448355317116 -0.04780597612261772 -0.10359664261341095 0.014447027817368507 
-0.007272128947079182 -0.09926863014698029 0.014077460393309593 -0.05627758428454399 -0.1838601678609848 -0.0694313570857048 -0.00632808031514287 -0.09898479282855988 -0.10661971569061279 
0.02031838521361351 0.05611789599061012 0.04253409057855606 -0.01618577167391777 -0.037399958819150925 -0.05692356079816818 -0.0055142780765891075 -0.02545042149722576 -0.07822591066360474 
-0.005797519348561764 0.004478823393583298 -0.013739882968366146 0.013997010886669159 -0.0026927071157842875 -0.0022484110668301582 0.011105927638709545 -0.0354594960808754 -0.005673916079103947 
0.046103574335575104 -0.03164510428905487 -0.0476897656917572 0.0022172897588461637 -0.030613135546445847 -0.00333619792945683 -0.046569984406232834 -0.024576013907790184 -0.027732301503419876 
-0.006308252457529306 -0.00819142535328865 -0.024896567687392235 0.022671720013022423 0.017558850347995758 -0.0034827659837901592 0.006341493688523769 0.003932531923055649 0.005735969170928001 
-0.011975261382758617 -0.02447572350502014 0.030422011390328407 -0.03948744758963585 -0.014479457400739193 0.031431879848241806 -0.0019724885933101177 0.013032844290137291 0.028506571426987648 
-0.011167488992214203 -0.021917235106229782 -0.022455062717199326 0.032922498881816864 0.009693612344563007 -0.0070428322069346905 0.060791753232479095 0.05027588829398155 0.004720496945083141 
-0.010111631825566292 -0.011922207660973072 -0.0008010819437913597 -0.00709906779229641 0.011099332943558693 0.019555434584617615 -0.035723283886909485 -0.0064042177982628345 0.02706945315003395 
0.03898744285106659 0.0461680106818676 0.040173958986997604 0.051310766488313675 0.054767269641160965 0.04471650347113609 0.04105504974722862 0.04784657433629036 0.04085099697113037 
-0.028897903859615326 -0.028261611238121986 -0.011872492730617523 -0.01874529756605625 -0.0357474684715271 -0.02031804993748665 -0.01640687882900238 -0.01106586679816246 -0.023357030004262924 
-0.030750392004847527 -0.025155242532491684 -0.02449161559343338 0.014280368573963642 0.0005888668238185346 0.007269880268722773 0.025383319705724716 0.027667125687003136 0.036569152027368546 
-0.04463654384016991 -0.03335660323500633 -0.019349275156855583 0.011046633124351501 -0.008799061179161072 0.011541958898305893 0.020301029086112976 0.010737151838839054 0.010666225105524063 
0.0033718920312821865 0.005628031678497791 0.008667035028338432 -0.0457255057990551 -0.04447222128510475 -0.04317731782793999 -0.049679726362228394 -0.04893375560641289 -0.0484120175242424 
-0.04908355325460434 -0.019656630232930183 0.020497120916843414 -0.027111124247312546 0.006755291484296322 0.023389730602502823 -0.016259856522083282 0.025669334456324577 0.027414968237280846 
0.020616983994841576 0.029510121792554855 -0.00792473740875721 0.03327854722738266 0.012097430415451527 0.015169132500886917 0.010508228093385696 0.008607214316725731 0.0016990501899272203 
0.019168976694345474 -0.008954913355410099 -0.025144552811980247 0.04630104824900627 0.033353447914123535 0.0036347638815641403 -0.0012755278730764985 -0.020712103694677353 -0.036376647651195526 
0.011288313195109367 0.009024581871926785 -0.003101892303675413 0.0024267251137644053 -0.008098536171019077 0.026587897911667824 0.004343866836279631 0.0020719338208436966 0.0547463521361351 
0.029593797400593758 -0.007628278341144323 -0.03837912529706955 -0.002236544620245695 -0.025679294019937515 -0.0393618680536747 0.01724284142255783 -0.004843310918658972 0.000809086428489536 
-0.0066002109088003635 0.006632013712078333 -0.007197681814432144 0.03950539976358414 0.06742393970489502 -0.0054046898148953915 0.03219984471797943 0.030582567676901817 -0.004216579720377922 
0.007038480136543512 0.0820259377360344 0.05211030691862106 0.03687490522861481 0.09482482820749283 0.04723799601197243 -0.06451917439699173 0.04528915882110596 0.04311823844909668 
-0.07305382192134857 0.009660896845161915 0.002586699090898037 -0.010569604113698006 0.07380199432373047 0.07694311439990997 0.0075591071508824825 0.04879666864871979 0.005615187808871269 
-0.0007464091177098453 -0.024070817977190018 -0.0148839196190238 0.03132406249642372 -0.018226752057671547 0.005480657331645489 0.014248061925172806 -0.04011283442378044 -0.02540048211812973 
-0.04511145502328873 -0.00023560936097055674 0.01272747851908207 -0.0198422409594059 0.017369089648127556 0.032598234713077545 -0.02357877790927887 0.027494845911860466 0.05470728501677513 
-0.04328592121601105 0.036906808614730835 0.040858279913663864 0.011647650972008705 0.10734174400568008 0.09329850226640701 0.03449179232120514 0.07137743383646011 0.057433176785707474 
-0.06022178754210472 -0.05397113040089607 -0.05282972753047943 -0.03226987272500992 -0.026774995028972626 -0.02379721775650978 -0.0308857224881649 -0.016674673184752464 -0.0074922158382833 
0.04589028283953667 0.05612431466579437 0.027374831959605217 0.029421309009194374 0.0183170884847641 0.035631224513053894 0.032538555562496185 0.004570175427943468 0.002778163179755211 
0.012680280953645706 0.024924451485276222 0.005188487004488707 0.08406031131744385 0.05655372515320778 0.02078954502940178 0.10201329737901688 0.0815436914563179 0.02213886007666588 
-0.054438866674900055 -0.01844095252454281 -0.025681959465146065 -0.03917643800377846 0.02696252427995205 0.023134399205446243 -0.008588874712586403 0.02855416014790535 0.022999458014965057 
1.768786387401633e-05 0.02964678779244423 0.0298344437032938 -0.02046927437186241 0.004906187765300274 0.008926625363528728 0.04176518693566322 0.07057174295186996 0.07984039932489395 
-0.024758780375123024 -0.06758242845535278 -0.02309047430753708 -0.08771682530641556 -0.10557365417480469 -0.02078099362552166 -0.028461169451475143 -0.06055549532175064 -0.011068122461438179 
0.013189963065087795 0.0328790657222271 0.07583402097225189 0.03077150695025921 0.055363643914461136 0.04154521971940994 0.0021119043231010437 0.010680107399821281 0.017999472096562386 
-0.01904044672846794 0.023735474795103073 0.014624470844864845 -0.04239143058657646 0.004977229982614517 0.038203541189432144 -0.010171588510274887 0.03229596093297005 0.0306856632232666 
0.04299652576446533 0.04520879313349724 0.03779582306742668 0.006120987702161074 0.07094976305961609 0.08135184645652771 -0.008376977406442165 0.05460303649306297 0.011791113764047623 
