-0.02039562165737152 0.0039033687207847834 -0.05292973667383194 -0.0008542921859771013 -0.0027355095371603966 0.07060269266366959 0.021454662084579468 0.10828468948602676 0.09168640524148941 
-0.04401516541838646 -0.0690212994813919 -0.01797627843916416 -0.05498071759939194 -0.013245814479887486 0.043345723301172256 0.04416078329086304 0.09616182744503021 0.11995314061641693 
-0.06319482624530792 -0.04269822686910629 -0.050248827785253525 -0.05482415482401848 0.005855243653059006 0.06004767864942551 0.0017363190418109298 0.10125744342803955 0.09002140164375305 
0.04634220525622368 0.05479353293776512 0.06625132262706757 0.01626569963991642 0.027450408786535263 0.0021838946267962456 -0.05451894551515579 -0.09874597936868668 -0.021743658930063248 
-0.017186760902404785 -0.02189679443836212 0.01859990321099758 -0.05832386389374733 -0.009443833492696285 -0.014335296116769314 -0.04387678951025009 -0.012400856241583824 0.02182541787624359 
-0.011066262610256672 -0.026143444702029228 -0.0110993143171072 -0.007647935301065445 -0.029167838394641876 0.005315123125910759 0.025956885889172554 0.03573177382349968 0.03770528733730316 
-0.12712033092975616 -0.08358138799667358 -0.07914905995130539 -0.07096299529075623 -0.0026716578286141157 0.032493505626916885 0.06889458745718002 0.13278654217720032 0.19511212408542633 
0.012048974633216858 0.03439271077513695 0.021757325157523155 0.07011335343122482 0.07231979072093964 0.01257529016584158 0.06268613785505295 0.003286674851551652 -0.07300949841737747 
0.009611694142222404 0.0063605597242712975 0.007133920677006245 0.03790063038468361 0.03622642159461975 0.07467866688966751 0.020653139799833298 0.038788702338933945 0.037149667739868164 
-0.11760949343442917 -0.1272648274898529 -0.070310078561306 -0.060571104288101196 -0.0345676988363266 0.033683959394693375 -0.013889224268496037 -0.008728193119168282 0.07808030396699905 
0.017172645777463913 -0.002114837057888508 -0.005722605157643557 0.0634642243385315 0.025951003655791283 -0.024859560653567314 0.059716057032346725 -0.008166749961674213 -0.04490138217806816 
0.014686104841530323 0.00932931900024414 0.03440938517451286 0.037518277764320374 0.028655702248215675 0.01633637398481369 0.00423278147354722 0.011328077875077724 -0.013512514531612396 
0.06904090195894241 0.056648995727300644 0.011101817712187767 0.02925150655210018 -0.00899458397179842 -0.039391763508319855 -0.004994615446776152 -0.05084177106618881 -0.047210436314344406 
0.020981907844543457 -0.007367918733507395 -0.03386155143380165 -0.03341566026210785 -0.016628291457891464 -0.024604249745607376 -0.043843526393175125 -0.04272577911615372 -0.04092687368392944 
0.005234078038483858 -0.012140601873397827 0.000984939862973988 -0.010266901925206184 0.009684544987976551 0.0655428022146225 -0.027392448857426643 0.016702381893992424 0.06916549056768417 
-0.0656721293926239 -0.035683538764715195 -0.016419116407632828 -0.01788456179201603 -0.03225055709481239 -0.024890299886465073 0.013102133758366108 0.03772549331188202 -0.02471252530813217 
-0.1348477005958557 -0.16882474720478058 0.03537328168749809 -0.1853495091199875 -0.1403413563966751 -0.03046763502061367 -0.14902280271053314 -0.17325419187545776 0.025024039670825005 
0.047787223011255264 0.10532373934984207 0.07751928269863129 0.08814380317926407 0.10046015679836273 0.11074431985616684 0.07345680147409439 0.09923248738050461 0.07548481225967407 
-0.045952942222356796 -0.12003690004348755 -0.052135009318590164 -0.0951642170548439 -0.10478493571281433 -0.04553375393152237 -0.04769523814320564 -0.10066573321819305 -0.00020988154574297369 
-0.01972610503435135 -0.03942699357867241 -0.03142816945910454 -0.009372218511998653 -0.03541020676493645 -0.02711612358689308 0.003523292951285839 -0.0057425121776759624 -0.014426486566662788 
-0.06002296507358551 -0.06688676029443741 -0.04286668449640274 -0.04708153381943703 -0.024430816993117332 -0.054797299206256866 0.007747988682240248 -0.03042612038552761 0.028284164145588875 
-0.025315675884485245 -0.03763271123170853 -0.010075278580188751 -0.012695115990936756 -0.001103176036849618 -0.008571331389248371 -0.0008739189943298697 0.009607805870473385 0.0033449295442551374 
0.009041412733495235 0.01693768985569477 0.0650288313627243 -0.010947765782475471 -0.006509994622319937 0.05573318153619766 0.021618492901325226 0.07584434002637863 0.04463260620832443 
0.007843544706702232 0.04069354012608528 0.02456936612725258 -0.015771882608532906 0.02012241631746292 -0.001057896064594388 0.007330374326556921 0.03949202597141266 0.021333182230591774 
-0.030491739511489868 -0.09369456022977829 -0.009517830796539783 -0.021245839074254036 -0.043047674000263214 -0.012812879867851734 -0.0015558418817818165 -0.028415028005838394 -0.01750817894935608 
-0.029077986255288124 0.031039847061038017 0.057253193110227585 0.004125532694160938 0.06251931190490723 0.06440278142690659 0.017210934311151505 0.023476924747228622 0.05613855645060539 
-0.05908951535820961 -0.03689907491207123 0.014093752950429916 -0.060334790498018265 -0.044198911637067795 -0.014935762621462345 -0.007859891280531883 -0.007279377896338701 0.021732838824391365 
-0.014652082696557045 -0.025059640407562256 -0.009180326014757156 -0.03364340960979462 -0.04467770457267761 -0.02881781943142414 -0.049799129366874695 -0.04705970734357834 -0.02389477752149105 
0.030650516971945763 0.049779389053583145 0.01859995536506176 0.034704916179180145 0.03557451814413071 0.021290939301252365 -0.03260126709938049 -0.009341861121356487 -0.026929441839456558 
0.0442316010594368 0.0172744058072567 -0.06904981285333633 0.0493525005877018 0.02334767021238804 -0.06729555130004883 0.006166053935885429 -0.0067141116596758366 -0.05090866982936859 
-0.012501482851803303 -0.02683740295469761 -0.05023626983165741 7.010616536717862e-05 0.0014351940480992198 -0.009006778709590435 0.02114883065223694 0.006752593442797661 -0.015606043860316277 
-0.08107240498065948 -0.004011812619864941 0.0477178655564785 -0.06475451588630676 0.02614031545817852 0.07011916488409042 -0.004778328351676464 0.011563967913389206 0.029002072289586067 
0.038219042122364044 -0.024589847773313522 -0.03336762264370918 -0.013283338397741318 -0.04569998010993004 -0.07985565066337585 -0.02915928140282631 -0.0804281160235405 -0.06471139192581177 
-0.03526313230395317 0.029338490217924118 0.027445660904049873 0.008310267701745033 0.04858337342739105 0.03999842330813408 0.04605703055858612 0.0687614306807518 0.06232650205492973 
0.01536170020699501 -0.03184531629085541 -0.032940253615379333 -0.012437003664672375 -0.04890746623277664 -0.05507601052522659 0.008759057149291039 -0.04278286173939705 -0.0489959642291069 
-0.04127638041973114 -0.06808234751224518 -0.033269766718149185 -0.04200068116188049 -0.04755134880542755 -0.03031712956726551 -0.003864533733576536 -0.0384499728679657 -0.0008431766182184219 
-0.028641751036047935 -0.07661368697881699 -0.05569830536842346 -0.09966907650232315 -0.08386015892028809 -0.09884530305862427 -0.06719023734331131 -0.06130671128630638 -0.056333016604185104 
-0.021304059773683548 -0.042602550238370895 -0.03479232266545296 -0.0073957061395049095 -0.04087274149060249 -0.03459126129746437 -0.01792183890938759 -0.04138711467385292 -0.050428953021764755 
-0.060187775641679764 -0.07010248303413391 -0.0811077281832695 -0.04868396744132042 -0.019029023125767708 -0.05987556278705597 -0.0942000150680542 -0.0985596552491188 -0.09023965895175934 
-0.007580077275633812 0.019623560830950737 0.007528136018663645 -0.032770656049251556 0.02385917492210865 -0.0009702847455628216 -0.0372878722846508 0.007196170277893543 -0.012799876742064953 
0.05451853200793266 0.09880178421735764 0.05974804610013962 0.01394650712609291 0.017873957753181458 0.004812708590179682 0.040345046669244766 0.031884610652923584 0.0015216236934065819 
0.025812184438109398 0.05740812048316002 0.07412245869636536 0.029010722413659096 0.056856993585824966 0.07590801268815994 0.05787579342722893 0.02593899331986904 0.05838168412446976 
0.018803676590323448 -0.02716577798128128 -0.06790120154619217 -0.013145522214472294 -0.029213622212409973 -0.052702877670526505 -0.030353467911481857 -0.057559024542570114 -0.032636020332574844 
-0.015925616025924683 -0.007419779896736145 -0.025419015437364578 -0.007980309426784515 -0.007980115711688995 -0.028642641380429268 -0.022130537778139114 -0.015784604474902153 -0.03418565168976784 
-0.001214952557347715 0.06602833420038223 0.028783529996871948 0.05051513388752937 0.06375835090875626 0.09840887039899826 0.03294951468706131 0.07277140766382217 0.07862649112939835 
-0.011075841262936592 0.04127572104334831 0.043207962065935135 -0.008053051307797432 0.04465921223163605 0.04517160728573799 -0.014330033212900162 0.06700191646814346 0.04483921825885773 
0.014197239652276039 0.04183495044708252 0.061363108456134796 0.021846074610948563 0.05589026212692261 0.06365805864334106 -0.004898637067526579 0.03778189793229103 0.0368422195315361 
0.028341438621282578 0.0071103074587881565 -0.012444726191461086 0.019145673140883446 0.009245278313755989 -0.017387282103300095 0.01155862770974636 -0.02756834402680397 -0.025772735476493835 
0.02308950386941433 -0.10044893622398376 -0.1770780235528946 0.08483432233333588 -0.06256255507469177 -0.23235896229743958 0.15963861346244812 -0.0030963514000177383 -0.13945065438747406 
-0.009042542427778244 0.032053444534540176 0.03694041073322296 0.01643151044845581 0.05120442435145378 0.11054597049951553 0.03247801586985588 0.10894288122653961 0.07580295950174332 
0.0318327322602272 -0.007769397459924221 -0.11339771002531052 0.07403646409511566 0.025647558271884918 -0.06797125190496445 0.06168236956000328 0.0512506403028965 -0.024434193968772888 
0.030353518202900887 -0.0149372024461627 -0.02442934736609459 0.008992998860776424 0.001673550228588283 -0.04183783754706383 -0.028476418927311897 -0.013762260787189007 -0.056073352694511414 
0.08407112956047058 0.0025128473062068224 -0.0301572997123003 0.08355835825204849 0.04400959983468056 -0.02123832516372204 0.09311721473932266 0.07497180998325348 0.01810573972761631 
-0.01509089395403862 -0.022450076416134834 0.005434279330074787 0.008301299065351486 -0.013256501406431198 -0.014991908334195614 0.04835519194602966 0.026096338406205177 0.010415181517601013 
0.006302273366600275 0.016459587961435318 0.005622887518256903 0.07527826726436615 0.003395868930965662 0.030920950695872307 0.07934590429067612 0.09646020084619522 0.014862352050840855 
-0.008800140582025051 -0.052071381360292435 -0.12130317836999893 0.04742761701345444 0.0053126756101846695 -0.10411388427019119 0.0370037667453289 0.008075722493231297 -0.07621804624795914 
-0.02981581911444664 0.015091103501617908 0.02445335127413273 -0.0511067733168602 0.006048763636499643 -0.0031635130289942026 -0.04217413067817688 -0.02773173898458481 0.009316585958003998 
-0.004841279704123735 -0.039834164083004 0.004414217080920935 0.03664011508226395 -0.01417534053325653 -0.0178337674587965 0.06142232567071915 0.06748585402965546 0.02289653569459915 
0.010332374833524227 -0.015199059620499611 0.004462426993995905 0.02420399710536003 -0.03369758278131485 -0.01941371150314808 0.061793252825737 0.0066479844972491264 -0.03572637960314751 
0.017107469961047173 -0.011099031195044518 -0.05307123437523842 -0.002558355685323477 -0.024987906217575073 -0.05716892331838608 0.012646802701056004 -0.008937669917941093 -0.03124018758535385 
0.021061021834611893 0.015531784854829311 0.049747247248888016 -0.03172386810183525 0.040070049464702606 0.06867759674787521 -0.05300506576895714 0.02025827392935753 0.06900962442159653 
0.00855131447315216 0.006787338759750128 -0.011511193588376045 -0.04200461506843567 0.011660098098218441 0.028144385665655136 -0.034927163273096085 0.027806410565972328 0.03993324562907219 
-0.006839424837380648 -0.010440806858241558 0.00721373176202178 0.007371360436081886 -0.009641596116125584 -0.004864218644797802 0.0203896164894104 0.029428541660308838 0.01691574789583683 
-0.048936858773231506 -0.07554197311401367 -0.037618596106767654 0.013151967898011208 -0.03492436930537224 -0.06886332482099533 0.04320799931883812 -0.011632020585238934 -0.0445554181933403 
-0.029596548527479172 0.06955020874738693 0.043280646204948425 -0.007060321979224682 0.02505008690059185 0.111045241355896 -0.08362676203250885 0.06652452796697617 0.13718700408935547 
0.03655584156513214 0.03873690962791443 0.028022564947605133 0.001081518828868866 -0.012305565178394318 0.030071139335632324 -0.041075341403484344 -0.11541519314050674 -0.09511756151914597 
-0.02165146917104721 -0.020358990877866745 -0.0036185032222419977 -0.007822088897228241 -0.022687045857310295 -0.03935358300805092 -0.04709750413894653 -0.028245244175195694 -0.09245368093252182 
-0.001521974802017212 -0.008827833458781242 -0.026720011606812477 0.07047565281391144 0.05551263689994812 -0.027425406500697136 0.09060342609882355 0.13145926594734192 0.04612034186720848 
-0.0465468093752861 -0.05656442046165466 -0.006223332602530718 -0.03105117380619049 -0.006206037942320108 -0.030123697593808174 0.002721100812777877 -0.037655625492334366 -0.03499947115778923 
0.02861509472131729 0.09942352026700974 0.10742812603712082 -0.01881631836295128 0.04027334228157997 0.060634419322013855 -0.03883618488907814 -0.035440828651189804 -0.0183100588619709 
0.07492229342460632 0.07735665142536163 0.11946319043636322 0.007998423650860786 -0.009531263262033463 0.0506669282913208 -0.08396266400814056 -0.08153297007083893 -0.08983370661735535 
-0.04860450699925423 -0.057950325310230255 -0.07397665083408356 0.010964568704366684 -0.006600803695619106 -0.04660499468445778 0.037433773279190063 0.03160523995757103 -0.005333964712917805 
-0.07196442037820816 -0.0978209376335144 -0.04286452755331993 0.015041300095617771 0.0023450739681720734 -0.010630006901919842 0.07938824594020844 0.03580920770764351 0.0647541731595993 
0.02734687738120556 0.055751118808984756 0.050583042204380035 0.033693328499794006 0.04133976995944977 0.06972888857126236 -0.03181670606136322 -0.04559161514043808 -0.026210367679595947 
0.04207204282283783 0.08887796849012375 0.017616691067814827 -0.03218085691332817 0.004888325463980436 0.06863822042942047 -0.027819745242595673 -0.005794505588710308 0.026372825726866722 
-0.012035364285111427 -0.051098745316267014 -0.06804588437080383 0.015093964524567127 0.012288281694054604 -0.012438816949725151 0.027001015841960907 0.037640076130628586 0.061102766543626785 
0.005585195031017065 0.0048693143762648106 0.02901194430887699 -0.017319146543741226 -0.010083049535751343 -0.02115822583436966 0.004378193989396095 0.0014689884847030044 0.004872933961451054 
-0.045635003596544266 -0.03500344231724739 -0.02746863290667534 0.06128855422139168 0.014861992560327053 0.02398066408932209 0.0447782464325428 0.10704270750284195 0.04846064746379852 
-0.025518126785755157 0.044240839779376984 0.07590560615062714 -0.0641791969537735 -0.01094695832580328 0.05976385995745659 -0.04604850336909294 -0.030661242082715034 0.019885865971446037 
0.017032204195857048 -0.020438136532902718 -0.03700593486428261 -0.07450294494628906 -0.040283240377902985 0.01723986119031906 -0.07966939359903336 -0.07850940525531769 0.0017318951431661844 
0.001761455088853836 0.030174357816576958 0.018154995515942574 -0.0026838246267288923 -0.01130054984241724 0.019887452945113182 -0.02394736558198929 -0.02647980861365795 -0.024633197113871574 
-0.0020374797750264406 -0.01522319670766592 0.004654287360608578 0.018970653414726257 0.07272329926490784 0.09731622040271759 0.0133342444896698 0.06924688816070557 0.11176098883152008 
0.009182807058095932 0.10740306973457336 0.04319233447313309 -0.00327114574611187 0.05464954301714897 0.10602352768182755 -0.03654804825782776 0.009156439453363419 0.009783433750271797 
-0.017782647162675858 0.06850302964448929 0.01686331070959568 -0.04141871631145477 0.04649321362376213 0.11069823056459427 -0.011249362491071224 0.03947325795888901 0.09526379406452179 
0.02712012454867363 0.0009244514512829483 -0.028707686811685562 -0.0011188070056959987 0.020241497084498405 0.043588507920503616 -0.029577497392892838 0.031540583819150925 0.04552135616540909 
0.08889634907245636 0.09425154328346252 0.06563563644886017 0.08893133699893951 0.07201562076807022 0.08738644421100616 0.06594045460224152 0.08376535773277283 0.0467226542532444 
-0.110541932284832 -0.0206349715590477 -0.0017159563722088933 -0.06176786124706268 -0.021431390196084976 0.06979083269834518 -0.09708765894174576 -0.03490239009261131 0.05697014182806015 
0.026261821389198303 0.06260115653276443 0.01634647138416767 0.05736730247735977 0.04961441457271576 -0.005086362827569246 0.03145298734307289 0.02442917972803116 -0.029662996530532837 
-0.07020628452301025 -0.09137556701898575 -0.050250791013240814 -0.05987945944070816 -0.05157681554555893 -0.057003654539585114 -0.0727660208940506 -0.09546303749084473 -0.09539585560560226 
-0.008083773776888847 0.009707746095955372 -0.007013124413788319 -0.0072210365906357765 -0.0022007001098245382 0.06145605817437172 0.01231369934976101 -0.004872094839811325 0.07928670942783356 
-0.059950318187475204 -0.04059499129652977 0.07359877973794937 -0.01578497886657715 0.006284358445554972 0.03756842017173767 0.008741110563278198 0.015565854497253895 0.037679508328437805 
-0.014992461539804935 -0.0484037883579731 -0.08766843378543854 0.050837498158216476 0.0341503880918026 -0.019656721502542496 0.05317258834838867 0.05235382169485092 0.0026374117005616426 
0.020171621814370155 0.015040223486721516 0.0011617123382166028 0.018102673813700676 0.03320419415831566 0.0020593509543687105 0.04375619813799858 0.026297971606254578 -0.0014229374937713146 
-0.032812587916851044 0.014097503386437893 -0.023731475695967674 -0.033291708678007126 0.03609343618154526 0.02203642763197422 -0.03537291660904884 0.0036090489011257887 0.046598419547080994 
0.05077018588781357 0.012401565909385681 -0.07456251233816147 0.08788444101810455 0.08943932503461838 0.020747125148773193 0.04463566094636917 0.11260822415351868 0.13383646309375763 
-0.0037965700030326843 -0.009208419360220432 0.018240446224808693 0.04439831152558327 0.020783500745892525 0.002368752146139741 -0.007836900651454926 0.006536614149808884 0.033644501119852066 
0.003135952167212963 0.010654797777533531 0.008154746145009995 -0.01238018274307251 0.03235333785414696 0.0236603282392025 -0.002313524018973112 0.04689900577068329 0.04936861991882324 
-0.004133256152272224 0.031582217663526535 0.022190839052200317 0.006847498472779989 0.03979042172431946 0.08828695118427277 -0.015785271301865578 0.056717995554208755 0.04115723446011543 
-0.023556075990200043 -0.00639816140756011 -0.020863568410277367 0.023047320544719696 0.036315783858299255 -0.012598052620887756 0.0906757041811943 0.06604177504777908 0.018148008733987808 
-0.018937155604362488 -0.019100384786725044 -0.014127976261079311 -0.04504995793104172 -0.05697241798043251 -0.04885134473443031 -0.015556815080344677 -0.04362859949469566 -0.04338480532169342 
0.0023421659134328365 -0.011023450642824173 0.016208728775382042 -0.05464332178235054 -0.0376368872821331 0.03318607434630394 -0.012817767448723316 0.006911108270287514 -0.007247108966112137 
-0.0005972885992377996 -0.021102551370859146 -0.050633370876312256 0.03368381783366203 -0.00417534401640296 -0.08163251727819443 0.05058489367365837 -0.002346266992390156 -0.07597777247428894 
0.0032497509382665157 -0.002126744482666254 -0.01449539139866829 0.004131091758608818 -0.005576788447797298 0.008001045323908329 0.0114637715741992 0.005030637141317129 0.023802217096090317 
0.007089588325470686 0.013024162501096725 -0.04978803172707558 -0.024924609810113907 -0.029525643214583397 -0.03639427572488785 -0.0034556433092802763 -0.007161447778344154 -0.02161497063934803 
-0.04484856501221657 -0.06097031384706497 -0.01765383780002594 0.005252709146589041 -0.0470467209815979 -0.026725146919488907 0.004206776153296232 -0.05154180899262428 0.008817198686301708 
-0.09363435208797455 -0.070679672062397 -0.03481363505125046 -0.13315679132938385 -0.132365882396698 -0.06813588738441467 -0.11814893782138824 -0.10452728718519211 -0.06464400142431259 
-0.0006584550719708204 0.05885489657521248 0.040753841400146484 0.0027918501291424036 0.02208510786294937 0.01886582560837269 -0.019352177157998085 -0.02393491379916668 -0.03764611855149269 
-0.047641903162002563 -0.0014004216063767672 0.04605001583695412 -0.11757063120603561 -0.045292600989341736 0.04638661816716194 -0.10713934898376465 -0.027275102213025093 0.0463164746761322 
-0.029042134061455727 -0.032651208341121674 -0.013511600904166698 -0.0034801363945007324 -0.061494264751672745 -0.07869718223810196 0.014124567620456219 -0.041907526552677155 -0.06230027228593826 
0.08511559665203094 0.04367465898394585 -0.021966511383652687 0.19054213166236877 0.07420460134744644 0.09782283753156662 0.15466946363449097 0.18629023432731628 0.12639227509498596 
0.04773007705807686 0.03612053394317627 -0.013672541826963425 0.025486882776021957 0.03383428603410721 0.02201949432492256 -0.014999966137111187 0.052423540502786636 0.05197105184197426 
0.034482650458812714 0.07371166348457336 0.04788858816027641 0.0798293799161911 0.11343253403902054 0.1099199578166008 0.04339313879609108 0.10101734846830368 0.06014754995703697 
0.15436774492263794 0.03615535423159599 -0.140785813331604 0.1678112894296646 0.00148478033952415 -0.16995060443878174 0.11522166430950165 -0.0540461391210556 -0.12303833663463593 
-0.016459396108984947 -0.014635699801146984 -0.025115150958299637 0.01854461245238781 0.025744715705513954 0.008735516108572483 0.03492671623826027 0.014344152063131332 0.020892655476927757 
0.07517437636852264 0.08687964826822281 -0.027643226087093353 0.10314668715000153 -0.017231039702892303 -0.10994328558444977 0.02478882484138012 -0.07244706898927689 -0.05810264125466347 
-0.02224510721862316 0.028837861493229866 0.01764773763716221 -0.04495585337281227 -0.02041478268802166 -0.00679318280890584 -0.05872581899166107 -0.07400286197662354 -0.06190035864710808 
0.006073126569390297 0.04509434103965759 -0.05026772990822792 0.05997612327337265 0.0323236845433712 -0.0328696183860302 0.013823124580085278 -0.03200201317667961 -0.04894685745239258 
0.023165885359048843 -0.0036039503756910563 -0.057999081909656525 0.006209541577845812 -0.03036894090473652 -0.041049662977457047 -0.03341594710946083 -0.0749559998512268 -0.033689264208078384 
-0.02198125794529915 0.002807052806019783 -0.015855778008699417 0.03884327411651611 -0.008697709068655968 0.010595422238111496 0.0005914421053603292 0.0064886584877967834 -0.02318725176155567 
-0.0340452566742897 -0.010743387043476105 -0.001257592812180519 -0.01830359548330307 0.0039995876140892506 0.03517057001590729 -0.041597526520490646 0.009124212898314 0.07613163441419601 
-0.03302660584449768 -0.006312258541584015 0.020550468936562538 -0.03305540606379509 -0.0019418782321736217 0.0021721466910094023 0.012908448465168476 0.01785956881940365 0.05014745146036148 
0.046484243124723434 -0.0057087792083621025 0.004382690880447626 0.05506239831447601 -0.03733927011489868 0.03211507946252823 0.014203197322785854 -0.005170128308236599 0.044654618948698044 
-0.0734797939658165 -0.07695981115102768 -0.04011904448270798 -0.043253298848867416 -0.0290428064763546 0.009086036123335361 -0.02002800814807415 0.02061368152499199 0.021539155393838882 
-0.07848843187093735 -0.03560524433851242 -0.021274572238326073 -0.058623895049095154 0.007214307319372892 0.03611733764410019 -0.030458111315965652 0.026155071333050728 0.05243469402194023 
-0.08646593987941742 -0.041747353971004486 0.06833606213331223 -0.059393394738435745 -0.031838539987802505 0.038387034088373184 -0.028998104855418205 -0.02266021817922592 0.03778132423758507 
0.02275882475078106 0.06152237951755524 0.044694799929857254 0.024143723770976067 0.03967459499835968 0.010675511322915554 0.014558968134224415 0.024171413853764534 -0.005151169840246439 
0.0016771013615652919 -0.016442738473415375 -0.004823950584977865 0.036730214953422546 -0.011310677975416183 0.01566767506301403 -0.00388460885733366 -0.03008056990802288 0.013187847100198269 
-0.03513655439019203 -0.021396998316049576 -0.04127108305692673 0.037340108305215836 0.05312101170420647 -0.016457462683320045 0.07557903230190277 0.09489832073450089 0.021071534603834152 
-0.037441421300172806 -0.03915948420763016 -0.051838237792253494 0.01674613729119301 0.0075158169493079185 -0.005975362844765186 0.09307067096233368 0.11357548087835312 -0.00181147875264287 
-0.004159803967922926 0.011637384071946144 0.024754416197538376 -0.05482862889766693 -0.0002313127479283139 0.021348483860492706 -0.06813356280326843 -0.06821409612894058 0.02600707858800888 
-0.06768835335969925 -0.034701891243457794 -0.0067767309956252575 -0.047755688428878784 -0.028550541028380394 -0.010206006467342377 0.05039524659514427 0.04468564689159393 0.010320615954697132 
0.026036886498332024 0.03110273741185665 0.026647046208381653 0.07418406009674072 0.016463452950119972 0.002959426259621978 0.02634592354297638 0.02125140093266964 -0.009467272087931633 
0.016141921281814575 0.036225639283657074 -0.019232071936130524 0.0190921351313591 0.025165921077132225 -0.014122218824923038 -0.00037630126462318003 0.0208470169454813 -0.01998264156281948 
0.10926966369152069 0.08178497850894928 0.05076027289032936 0.10105223953723907 0.08021049946546555 0.0745396688580513 0.13497385382652283 0.12517149746418 0.09045734256505966 
0.053103987127542496 0.126328706741333 0.1078922227025032 0.004364395048469305 0.06258264183998108 0.09138268977403641 -0.0806584358215332 -0.06179202347993851 0.012951002456247807 
0.027385367080569267 0.02502540312707424 0.007022020872682333 0.05244216322898865 0.033168330788612366 -6.569453398697078e-05 0.09773481637239456 0.10378139466047287 0.026547633111476898 
0.047291312366724014 0.047491349279880524 0.030188757926225662 0.08727102726697922 0.09410664439201355 0.08228731900453568 0.09861703217029572 0.09984304755926132 0.09437793493270874 
-0.061520110815763474 -0.0015619667246937752 -3.60182166332379e-05 -0.09646988660097122 -0.04159795120358467 -0.0023268493823707104 -0.06388886272907257 -0.06724640727043152 -0.013016775250434875 
0.010417441837489605 -0.027361631393432617 -0.021444305777549744 -0.08561115711927414 -0.0475604273378849 -0.04593599587678909 -0.062243763357400894 -0.06911752372980118 -0.007186923176050186 
0.0771869644522667 0.08862362802028656 0.04756324365735054 0.05222371220588684 0.040119342505931854 0.026400471106171608 0.01366559136658907 0.019655615091323853 -0.02040276490151882 
0.029074760153889656 0.007024078629910946 -0.02817477099597454 0.03541171923279762 -0.03470458462834358 -0.05166609585285187 0.06056676059961319 0.034519437700510025 -0.015863046050071716 
0.006351429969072342 0.02325897477567196 -0.043163035064935684 0.006716098170727491 -0.029756279662251472 -0.029629506170749664 -0.028941938653588295 0.0020208710338920355 0.012848654761910439 
0.03473625332117081 0.06006959080696106 0.08257103711366653 -0.008862595073878765 0.03532224893569946 0.08676888793706894 -0.0265347920358181 0.02007322385907173 0.06132550910115242 
-0.010737334378063679 0.0298509132117033 0.008327079936861992 0.007784450426697731 0.06917949765920639 0.05752550810575485 0.04058283939957619 0.0744500383734703 0.05946522578597069 
0.08324743807315826 0.10386322438716888 0.09681530296802521 0.04429376870393753 0.06585204601287842 0.08319952338933945 -0.017043741419911385 -0.025552889332175255 -0.024487411603331566 
0.02779015712440014 -0.008028698153793812 -0.06766578555107117 0.05083692818880081 0.026883650571107864 -0.00750725157558918 0.08494075387716293 0.09259041398763657 0.030052946880459785 
0.013072755187749863 -0.005636643618345261 -0.023746874183416367 -0.028775304555892944 -0.04116364195942879 -0.06929141283035278 -0.05250018462538719 -0.10035767406225204 -0.0482901856303215 
-0.02093147486448288 -0.024903859943151474 -0.038012176752090454 -0.04050410911440849 -0.045705847442150116 -0.05179353430867195 -0.03814177215099335 -0.010985084809362888 -0.03793972358107567 
3.6837198422290385e-05 0.029831428080797195 0.016019029542803764 0.021339965984225273 0.020341545343399048 0.018117159605026245 -0.02176715061068535 0.004459057934582233 0.0006044801557436585 
-0.015296081081032753 -0.00541118485853076 0.003503544256091118 0.041193824261426926 0.02740004099905491 0.03477577865123749 0.0367141030728817 0.014873665757477283 0.01618468016386032 
-0.053458321839571 -0.04644637927412987 -0.056481752544641495 0.027848560363054276 0.018089797347784042 -0.01061336137354374 0.06663388758897781 0.08044493943452835 0.05878124013543129 
-0.05415146425366402 -0.039657916873693466 -0.018692368641495705 -0.05844742804765701 -0.029613159596920013 -0.0015149022219702601 -0.053461283445358276 -0.03231843560934067 -0.03289349004626274 
-0.01700427196919918 -0.001988019095733762 0.018544655293226242 -0.031305134296417236 -0.02685285173356533 0.012307346798479557 -0.030428536236286163 0.0018291632877662778 0.0316334068775177 
-0.04260692000389099 -0.03298383951187134 0.00037194276228547096 -0.032879788428545 -0.00242868741042912 -0.012040991336107254 0.008956566452980042 0.019286934286355972 0.016524232923984528 
-0.12228644639253616 -0.11133977770805359 -0.11121620982885361 -0.13091827929019928 -0.07666487246751785 -0.09945745021104813 -0.07422034442424774 -0.10281345993280411 -0.07533811777830124 
-0.014230798929929733 -0.0048470403999090195 0.018433567136526108 0.01053367368876934 -0.014470065012574196 -0.0005019085947424173 0.04651106148958206 0.025742771103978157 0.04106416180729866 
0.009635013528168201 0.06890497356653214 0.09378032386302948 0.022211074829101562 0.011498499661684036 0.08337612450122833 0.04617852717638016 0.12883508205413818 0.1457178294658661 
0.007698629982769489 -0.022404786199331284 -0.057355303317308426 0.01487385667860508 -0.049198828637599945 -0.049492646008729935 0.011630849912762642 -0.03602498769760132 -0.0454857312142849 
0.002927246503531933 -0.011873859912157059 -0.005064587574452162 -0.008892906829714775 -0.027075139805674553 -0.027901416644454002 0.021291671320796013 -0.013629398308694363 -0.025986189022660255 
-0.023745404556393623 -0.03804134950041771 -0.03082556463778019 0.0017434237524867058 -0.0018948783399537206 0.020610643550753593 0.002817607019096613 -0.005153954494744539 0.015757812187075615 
-0.10410944372415543 -0.00047904631355777383 0.10660549998283386 -0.012201549485325813 0.010294197127223015 0.10451795905828476 -0.025493282824754715 -0.013441627845168114 0.004252234473824501 
-0.03581030294299126 0.0014254224952310324 -0.033920977264642715 0.06766144186258316 0.0380326583981514 0.05107724294066429 0.07377734780311584 0.08757378160953522 -0.0008578100823797286 
0.007553970906883478 -0.07016785442829132 0.010219738818705082 -0.04942256584763527 -0.047015588730573654 0.019527966156601906 -0.010346504859626293 0.017718860879540443 0.023478159680962563 
-0.019116893410682678 -0.055585529655218124 -0.07329419255256653 -0.03458622470498085 -0.014216095209121704 -0.041567206382751465 -0.05154334008693695 -0.00963453110307455 0.053862228989601135 
-0.0008695704746060073 -0.001594439265318215 0.03327781334519386 0.002448439598083496 -0.03768758475780487 0.007076629903167486 0.02370869182050228 0.024877166375517845 0.03830212354660034 
-0.024886883795261383 -0.00633448688313365 0.02044965699315071 -0.007880207151174545 0.00968811847269535 0.0706792101264 -0.028966514393687248 0.025724342092871666 0.04471193253993988 
0.005315705202519894 0.006763117387890816 -0.06438418477773666 0.06459712237119675 -0.0223288144916296 0.026440002024173737 0.1312532126903534 0.04931715875864029 -0.01578008383512497 
-0.022725123912096024 0.0050473324954509735 0.06652632355690002 -0.024326905608177185 -0.007448859512805939 0.06032722815871239 -0.0265667624771595 0.005419714376330376 0.06906640529632568 
-0.1109163761138916 -0.028282497078180313 0.1160612404346466 -0.0892750695347786 0.03853592649102211 0.14639152586460114 -0.047459427267313004 0.05944562703371048 0.07519788295030594 
-0.017954211682081223 0.06269433349370956 0.08665823936462402 0.06379949301481247 0.08560386300086975 0.06477842479944229 0.07294977456331253 0.08401414752006531 -0.020825061947107315 
0.03683202713727951 0.16028237342834473 -0.002559704938903451 0.0996127650141716 0.0063906400464475155 -0.04263795167207718 0.008342958986759186 -0.05019429326057434 -0.07470475882291794 
-0.009725812822580338 0.04624514281749725 0.07301490753889084 -0.03679553046822548 -0.003205347340553999 0.01345837488770485 -0.07109344005584717 -0.040646232664585114 -0.04496116191148758 
-0.0734935775399208 -0.040313199162483215 -0.02157602459192276 -0.04014890640974045 0.005745753645896912 0.016511933878064156 0.0230872705578804 0.07620222866535187 0.03684426099061966 
0.040031444281339645 -0.04326159507036209 -0.024914467707276344 0.016146833077073097 -0.009434880688786507 -0.01727163977921009 0.06340479105710983 0.014328890480101109 0.027997463941574097 
-0.010469748638570309 0.04084252566099167 0.07445289194583893 0.07665137201547623 0.08392363786697388 0.0678243488073349 0.10374592989683151 0.08540433645248413 0.03743097931146622 
0.05996372550725937 0.0948050245642662 0.0377885103225708 0.10363367944955826 0.015914760529994965 -0.032967302948236465 0.0480172261595726 -0.03543052077293396 -0.04479280114173889 
-0.08156391978263855 -0.053141724318265915 0.05548884719610214 -0.10191933810710907 -0.08136098831892014 0.0048457724042236805 -0.07706661522388458 -0.13323600590229034 -0.0408092625439167 
-0.022401167079806328 -0.0624908022582531 -0.07162253558635712 -0.04488835856318474 -0.026797937229275703 -0.08034808933734894 -0.017450863495469093 -0.02663443610072136 -0.05617617815732956 
0.019410405308008194 0.0789564773440361 0.04623604565858841 0.04497270658612251 0.07397741079330444 0.08096785098314285 0.05104092136025429 0.060496602207422256 0.044317927211523056 
-0.004068813286721706 0.006934983655810356 -0.01352231577038765 0.06651095300912857 -0.00926932878792286 0.09618666768074036 0.022692162543535233 0.08369272947311401 -0.03159838542342186 
-0.016566036269068718 0.03946080058813095 0.04982840642333031 0.022033588960766792 0.05602588504552841 0.0585172139108181 -0.02486875280737877 -0.012294895015656948 0.05420177802443504 
-0.03803121671080589 -0.03768094256520271 -0.006147751118987799 -0.03755306079983711 -0.036438554525375366 -0.033552560955286026 -0.03995223343372345 -0.045879263430833817 -0.040132004767656326 
0.054778482764959335 0.03199734911322594 0.004499319940805435 0.008513796143233776 0.04000794142484665 0.0018349217716604471 -0.005069256294518709 -0.015661653131246567 -0.030912958085536957 
-0.013851519674062729 -0.015096932649612427 -0.0003176217433065176 0.0003055453998968005 -0.01593955233693123 -0.002980214776471257 0.02540314942598343 -0.009098535403609276 0.00816405937075615 
0.011064184829592705 -0.0030025411397218704 0.011279785074293613 0.01023559644818306 -0.03608659654855728 -0.03606336936354637 -0.011154462583363056 -0.05435660108923912 -0.03649594634771347 
0.02964782901108265 0.005218295380473137 0.004410276189446449 0.002667755587026477 -0.00559505308046937 -0.011941533535718918 0.009382141754031181 0.01847764104604721 -0.02593444660305977 
-0.08437242358922958 -0.018684128299355507 -0.026052040979266167 -0.06989770382642746 -0.027897926047444344 -0.04047283157706261 -0.0854773223400116 -0.0336233414709568 -0.012271133251488209 
-0.0005700653418898582 0.0028069380205124617 0.028764190152287483 -0.010310078039765358 -0.037354715168476105 0.016201142221689224 -0.03174370527267456 -0.04225164279341698 0.003356222528964281 
-0.024230899289250374 -0.030785605311393738 0.001640122733078897 0.014467054978013039 -0.0210102628916502 -0.006510262377560139 0.04403693228960037 0.015159640461206436 0.012370715849101543 
0.036755193024873734 0.1074453741312027 0.04958257079124451 0.07536006718873978 0.07247405499219894 0.13818471133708954 0.03365775942802429 0.09924396127462387 0.0760016143321991 
0.07005637139081955 0.024464396759867668 0.003112805774435401 0.030831029638648033 0.03456497564911842 0.05163608118891716 0.00898536667227745 0.03774741664528847 0.06961946189403534 
-0.09277451783418655 -0.12083254009485245 -0.07923582941293716 -0.20200157165527344 -0.15044060349464417 -0.14083807170391083 -0.11970438808202744 -0.14622646570205688 -0.15782156586647034 
-0.01584458164870739 0.007744082249701023 -0.006518027279525995 -0.0021213223226368427 0.04348357021808624 0.06795834749937057 -0.01991759054362774 0.0472252294421196 0.06348872184753418 
-0.00969392154365778 0.04287071153521538 0.03114253096282482 0.027569932863116264 0.04363659769296646 0.06977925449609756 0.019770722836256027 0.04641248658299446 0.01667916588485241 
-0.023936908692121506 0.02995174378156662 0.06485573202371597 0.03225613012909889 0.05532446503639221 0.04641919583082199 0.04194409400224686 0.08216050267219543 0.020913871005177498 
-0.025424188002943993 0.018415989354252815 0.0003208806156180799 -0.044242072850465775 -0.004629242699593306 0.03673146665096283 -0.04807749763131142 -0.060938216745853424 -0.00793696753680706 
-0.011257464997470379 0.027516808360815048 0.030305974185466766 -0.0017502454575151205 0.01995040662586689 0.04677522927522659 -0.02821475826203823 -0.0062017543241381645 0.0181844811886549 
-0.06514707207679749 -0.09305180609226227 -0.06415292620658875 -0.07710763067007065 -0.0930924266576767 -0.07057072967290878 -0.045894186943769455 -0.055417757481336594 -0.05043375492095947 
0.025545839220285416 0.057920657098293304 0.04957722872495651 0.05581149086356163 0.01381696853786707 0.08174233883619308 -0.030962761491537094 -0.002251584781333804 0.01932264305651188 
-0.062497761100530624 -0.04522060230374336 -0.023654773831367493 -0.06642604619264603 -0.04758407175540924 -0.0454922653734684 -0.04151822626590729 -0.03512711822986603 -0.014802477322518826 
0.03520684689283371 0.046061303466558456 0.03807905688881874 0.05853888392448425 0.06534038484096527 0.024479730054736137 -0.007642706856131554 0.004245031625032425 0.0060615940019488335 
-0.014937578700482845 0.0374617762863636 0.04538026452064514 -0.00941145047545433 0.0569949597120285 0.119278185069561 0.025285521522164345 0.049759868532419205 0.09312468767166138 
-0.0019434936111792922 0.013974035158753395 0.02215675637125969 -0.054721079766750336 -0.045257568359375 0.00837007537484169 -0.046507738530635834 -0.04833369329571724 -0.010052874684333801 
0.13587896525859833 0.14396750926971436 0.09663524478673935 0.14170575141906738 0.13007748126983643 0.10585489869117737 0.14527203142642975 0.15632595121860504 0.12541095912456512 
-0.015628745779395103 -0.021989699453115463 0.0016613221960142255 -0.026980839669704437 -0.0378098227083683 -0.0024220366030931473 0.016196899116039276 -0.020786171779036522 -0.00012348254676908255 
0.0034020489547401667 0.006831941194832325 -0.004457245115190744 -0.0032579374965280294 0.014289691112935543 -0.03181840479373932 0.05461530387401581 0.01407166663557291 -0.03408876806497574 
-0.09995349496603012 -0.07487983256578445 -0.02525549940764904 -0.09133746474981308 -0.07506448775529861 -0.02194872684776783 -0.011718576774001122 -0.0003569029504433274 0.01640591211616993 
0.034837208688259125 0.03205082565546036 0.018218345940113068 0.0757656991481781 0.05524318292737007 0.05235175043344498 0.04000638797879219 0.07678746432065964 0.05441221222281456 
-0.060330141335725784 -0.1172364130616188 -0.08995599299669266 -0.10910956561565399 -0.06179715692996979 -0.10131969302892685 -0.09384184330701828 -0.16756346821784973 -0.1243949607014656 
0.02292822115123272 -0.007041523698717356 -0.026596112176775932 -0.01881749927997589 -0.03012164682149887 -0.056806325912475586 -0.02508682943880558 -0.045054253190755844 -0.03244652599096298 
-0.012080424465239048 -0.02106860838830471 0.008092322386801243 -0.009385560639202595 0.028460834175348282 0.06323008239269257 -0.0037608689162880182 0.004283243790268898 0.016389288008213043 
0.005103105213493109 0.007105044089257717 0.07477180659770966 -0.015733879059553146 0.018909914419054985 0.03082764521241188 0.013124965131282806 0.05925868824124336 0.07061892747879028 
-0.062137965112924576 -0.04566612467169762 0.00833065714687109 -0.03307287022471428 -0.020585346966981888 0.022248486056923866 -0.04892897978425026 -0.007886680774390697 -0.0058066220954060555 
-0.018577568233013153 -0.09498373419046402 -0.08290698379278183 -0.05617484450340271 -0.07556458562612534 -0.07110928744077682 -0.10111329704523087 -0.10930641740560532 -0.10313699394464493 
0.08319881558418274 0.03904460370540619 0.02163064107298851 0.0483446829020977 0.03237810730934143 0.06101001426577568 0.03123183362185955 0.07194347679615021 0.05772324651479721 
-0.007466115523129702 0.0008768920670263469 -0.017835484817624092 -0.02024863287806511 -0.01133817620575428 -0.04921090230345726 -0.009114271029829979 -0.019239917397499084 -0.02325286716222763 
-0.07184591144323349 -0.02777601033449173 -0.03363753482699394 -0.041276734322309494 -0.0007522026426158845 -0.026749640703201294 -0.023351281881332397 -0.005922139622271061 -0.008961846120655537 
0.009867753833532333 0.035285335034132004 0.032426267862319946 -0.006937342695891857 0.02850557491183281 0.04292872175574303 0.022719893604516983 0.032432567328214645 0.027193879708647728 
0.10830159485340118 0.07693436741828918 0.012693188153207302 0.12199675291776657 0.07598086446523666 0.11355887353420258 0.052644770592451096 0.13559919595718384 0.10110510885715485 
-0.07491903752088547 -0.06253398954868317 -0.03154360502958298 -0.07648896425962448 -0.07076744735240936 -0.04287639632821083 -0.05243980139493942 -0.03981272131204605 -0.002247175667434931 
-0.00172507856041193 -0.006937273778021336 0.006127364933490753 -0.055982913821935654 -0.032010920345783234 -0.04188552126288414 -0.05253995954990387 -0.04572620242834091 -0.04405265301465988 
0.00044028274714946747 0.013205562718212605 0.04930692911148071 -0.01307904813438654 0.004644404165446758 0.010619266889989376 -0.015619571320712566 0.004225139506161213 0.0024925011675804853 
0.017334384843707085 0.011265799403190613 0.07032355666160583 -0.016687875613570213 0.002086370950564742 0.06050856411457062 -0.04107062518596649 -0.02060881443321705 0.0008576340042054653 
0.02607271634042263 0.014778555370867252 -0.030705830082297325 0.045131634920835495 0.019711531698703766 -0.045087479054927826 0.02137475088238716 -0.023065663874149323 -0.009316220879554749 
0.00044217926915735006 -0.04953231289982796 -0.04139644652605057 -0.06793145835399628 -0.05749891698360443 -0.12198895961046219 -0.12908372282981873 -0.1958627998828888 -0.1786612868309021 
-0.0036374181509017944 0.016342315822839737 -0.012552495114505291 0.07536677271127701 0.08723184466362 0.0447009839117527 0.09371761232614517 0.10087509453296661 0.07161158323287964 
-0.048748619854450226 0.010695226490497589 0.10108376294374466 -0.05020269379019737 0.014784642495214939 0.10099097341299057 -0.014969663694500923 0.019381893798708916 0.030182791873812675 
-0.08750301599502563 0.03090866282582283 0.12381133437156677 -0.08085288852453232 -0.020276697352528572 0.14071789383888245 -0.04623296484351158 -0.050167787820100784 0.059120211750268936 
-0.05240945518016815 -0.014169040136039257 0.025040047243237495 -0.07752436399459839 0.012437223456799984 0.022038059309124947 -0.06862960755825043 -0.0438045971095562 -0.027982741594314575 
-0.01441119983792305 -0.011595524847507477 -0.008968879468739033 -0.01329201553016901 -0.015257969498634338 0.0050355191342532635 -0.03222186863422394 -0.03455018997192383 -0.008741028606891632 
-0.03146372362971306 0.009719532914459705 0.030023442581295967 -0.013476312160491943 0.008813774213194847 0.02359449677169323 -0.011103320866823196 -0.007163380738347769 0.02471824735403061 
0.04397258162498474 0.0475618802011013 0.04626341909170151 0.03715716302394867 0.018444495275616646 0.018197864294052124 0.03530459478497505 0.00692424550652504 0.017540182918310165 
0.012624441646039486 0.01503647118806839 0.010045460425317287 0.06641119718551636 0.03510317578911781 0.013889660127460957 0.010503571480512619 0.027641627937555313 0.005172587465494871 
-0.030419284477829933 0.04482391104102135 0.052729200571775436 -0.002212709281593561 0.018604375422000885 0.055305879563093185 -0.0011386986589059234 0.019780226051807404 0.05246118828654289 
0.0806671530008316 -0.027425799518823624 -0.08847302943468094 0.059797849506139755 -0.0359291173517704 -0.10211966931819916 0.04987070709466934 -0.0027849613688886166 -0.06765564531087875 
0.0560440868139267 0.01890057884156704 0.015939733013510704 0.04921112582087517 0.015208093449473381 0.02344987913966179 0.010042516514658928 0.0074892807751894 -0.005205682944506407 
-0.07624845951795578 -0.08010198920965195 -0.034744396805763245 -0.0906200110912323 -0.05615852400660515 -0.047295257449150085 -0.00217920052818954 0.00716927507892251 -0.005308643914759159 
-0.046531420201063156 -0.03358595073223114 0.03725497052073479 -0.04231863468885422 -0.04216432198882103 0.0771225169301033 -0.030890541151165962 -0.00029546607402153313 0.043572697788476944 
0.023062776774168015 0.0029552809428423643 -0.03986397758126259 0.024786677211523056 -0.0032098316587507725 -0.020519284531474113 -0.00021891173673793674 0.009870214387774467 0.007856221869587898 
0.0686887577176094 -0.027226340025663376 -0.08994103968143463 0.09269197285175323 0.015253708697855473 -0.05751418694853783 0.03510936722159386 0.03148788958787918 -0.00812564603984356 
0.0748881995677948 0.06390892714262009 0.04719894379377365 0.02554100565612316 -0.00600430928170681 -0.015159118920564651 0.01625644415616989 -0.011101634241640568 -0.006401887629181147 
0.0482039712369442 0.04301384091377258 0.03059094026684761 0.017408812418580055 0.031479112803936005 -0.039187800139188766 0.025759339332580566 -0.03315959870815277 -0.07820519804954529 
-0.01661493629217148 -0.012190619483590126 0.014949647709727287 0.008760164491832256 -0.0015691901789978147 -0.016476372256875038 0.05258467048406601 0.0032440186478197575 -0.016877150163054466 
-0.021750448271632195 -0.025412872433662415 0.016383294016122818 -0.00961597915738821 -0.02772345207631588 -0.024941710755228996 0.03072921186685562 -0.022476859390735626 -0.05687762796878815 
0.01798543706536293 0.005694365594536066 0.00724891247227788 -0.00906685832887888 -0.049346499145030975 -0.01813744194805622 0.011380700394511223 0.001175865065306425 0.019422896206378937 
-0.021764134988188744 -0.056908246129751205 -0.08596840500831604 -0.06671075522899628 -0.07123265415430069 -0.08196809142827988 -0.03369295597076416 -0.030795328319072723 -0.03039037063717842 
0.04057319834828377 0.0419493243098259 0.04601982608437538 0.04721337929368019 0.04253526031970978 -0.04197698086500168 0.01742791011929512 -0.0562618151307106 -0.10046881437301636 
-0.022068984806537628 0.03563963249325752 0.011608883738517761 -0.044586554169654846 0.04408586397767067 0.01629376783967018 -0.06603675335645676 -0.02806927263736725 -0.050164610147476196 
-0.006723519880324602 0.044320639222860336 0.001469615031965077 0.029239125549793243 0.03849755600094795 0.02005172148346901 -0.0006902011809870601 0.026949839666485786 -0.028104476630687714 
-0.014698824845254421 -0.03436709940433502 0.002075058873742819 0.005533918272703886 0.006209124345332384 -0.008561003021895885 0.03351140767335892 -0.0003679885994642973 -0.02539907768368721 
0.04498443379998207 0.03357565030455589 -0.02599230781197548 0.01468952838331461 0.02654028870165348 -0.030410323292016983 -0.03209049254655838 -0.012009354308247566 -0.0331820547580719 
-0.014658820815384388 -0.0465078204870224 -0.03572089225053787 -0.075078085064888 -0.1017799824476242 -0.07946568727493286 -0.06449978053569794 -0.07980681955814362 -0.06038946285843849 
-0.0009485317277722061 -0.025311829522252083 -0.023593174293637276 0.0014228252694010735 0.01185483206063509 0.024399716407060623 0.03208703175187111 0.05842804163694382 0.04004676267504692 
-0.08619561791419983 -0.05976934731006622 0.010946022346615791 -0.06252819299697876 -0.00889953039586544 0.0007393152336589992 -0.015622827224433422 0.013154050335288048 0.03576987236738205 
-0.05146122723817825 -0.1284227967262268 -0.15844611823558807 -0.11133810132741928 -0.14454591274261475 -0.17294707894325256 -0.09214580804109573 -0.13027000427246094 -0.12266912311315536 
-0.015617506578564644 0.011367271654307842 -0.05864482745528221 -0.01851649023592472 -0.042077451944351196 -0.0815434604883194 -0.04919326677918434 -0.07326596230268478 -0.10454428941011429 
-0.010295558720827103 -0.0016605483833700418 -0.06501619517803192 0.0495331771671772 0.010504216887056828 -0.021792693063616753 0.0674552246928215 0.05818862095475197 0.0017242071917280555 
0.03131699189543724 0.028074266389012337 0.0065681710839271545 -0.02669517695903778 0.015439757145941257 -0.017656104639172554 -0.020486831665039062 -0.04278578981757164 -0.007739680353552103 
-0.06515972316265106 -0.07405366748571396 -0.06393715739250183 0.0013154734624549747 -0.046709079295396805 -0.050440751016139984 0.017509466037154198 -0.005558147560805082 -0.044745054095983505 
0.08142314851284027 0.10137179493904114 0.08993563055992126 0.12063819915056229 0.11330701410770416 0.05414827913045883 0.13701026141643524 0.0891638845205307 0.01379652600735426 
-0.013905894942581654 -0.03167031705379486 -0.007315302733331919 -0.0020265127532184124 -0.029819659888744354 -0.059760283678770065 0.028603535145521164 0.009907400235533714 -0.012894004583358765 
-0.030823711305856705 -0.06209590286016464 -0.08350145816802979 -0.11192098259925842 -0.11273840069770813 -0.14184218645095825 -0.11592846363782883 -0.09733287990093231 -0.10604722052812576 
-0.008394594304263592 -0.01918315328657627 0.030369801446795464 -0.02220427431166172 0.009381844662129879 -0.002491282531991601 -0.006347021088004112 -0.016377069056034088 -0.021565750241279602 
-0.0020269372034817934 -0.004894033074378967 0.009452964179217815 -0.02247387170791626 -0.023482540622353554 -0.01267697848379612 -0.017249438911676407 -0.013719810172915459 -0.011343135498464108 
0.04319882392883301 0.07346493005752563 0.0441557951271534 0.024310577660799026 0.037042081356048584 0.03958306461572647 -0.02965485118329525 -0.0005502542480826378 0.06303928792476654 
-0.039809275418519974 -0.025702184066176414 -0.0006314051570370793 -0.013046982698142529 0.021685762330889702 -0.010441714897751808 0.009171772748231888 0.007656028028577566 -0.0030742438975721598 
0.010045100003480911 -0.012065388262271881 -0.02459230273962021 -0.016806749626994133 0.006345903500914574 0.05126398429274559 -0.02810823917388916 0.025731584057211876 0.06930628418922424 
-0.07868290692567825 -0.07651861011981964 -0.062159426510334015 -0.07648622989654541 -0.04830419644713402 -0.00939878448843956 -0.019051454961299896 0.023821694776415825 0.036717601120471954 
0.08656676113605499 0.09444552659988403 0.029440438374876976 0.026738258078694344 0.04439499229192734 -0.014412413351237774 0.007958476431667805 -0.012678788043558598 -0.0018217761535197496 
-0.035357315093278885 -0.004590531345456839 0.03302043676376343 -0.009395039640367031 0.0039279041811823845 0.01684069074690342 -0.014633078128099442 -0.05002552270889282 -0.06132948026061058 
-0.1042463555932045 -0.07834813743829727 -0.06164064630866051 -0.01221586111932993 0.016294823959469795 0.02681674063205719 0.059456393122673035 0.06541397422552109 0.032930005341768265 
0.050200048834085464 0.08742807805538177 0.060091882944107056 0.03792542964220047 0.07431286573410034 0.11701276153326035 0.032096557319164276 0.09688746184110641 0.08323197811841965 
-0.021547598764300346 -0.013620243407785892 -0.0336453951895237 0.0010622759582474828 0.029499288648366928 0.022414589300751686 -0.01728644035756588 0.05719746649265289 -0.020892230793833733 
-0.017229456454515457 -0.06272823363542557 -0.04406941309571266 0.014828765764832497 0.04462765157222748 -0.031017528846859932 0.021877624094486237 0.03336558863520622 0.00022319531126413494 
0.028715528547763824 0.13744500279426575 0.08651790022850037 0.09077587723731995 0.19445502758026123 0.16197064518928528 0.06363222002983093 0.12266791611909866 0.08748232573270798 
-0.12983082234859467 -0.12075220793485641 -0.025491097941994667 -0.15755264461040497 -0.12281591445207596 -0.07123757153749466 -0.09897279739379883 -0.12081584334373474 -0.0902964323759079 
-0.02483721449971199 0.0006093843840062618 -0.0007550098234787583 -0.06734132021665573 -0.04578538239002228 -0.017249751836061478 -0.025294451043009758 -0.04853286221623421 -0.038100745528936386 
-0.009718336164951324 0.0017821204382926226 -0.012526667676866055 0.022962860763072968 0.025108331814408302 0.01689976267516613 0.0608922578394413 0.09385180473327637 0.04836422577500343 
-0.016447698697447777 -0.010253885760903358 -0.04475000128149986 0.05404770001769066 0.04076209291815758 0.0021011822391301394 0.03478410467505455 0.01530180312693119 0.01727939024567604 
0.06566697359085083 0.042655378580093384 -0.018071291968226433 0.03989064693450928 0.01857323758304119 -0.003968247212469578 0.006379975005984306 -0.0014075777726247907 0.006490386091172695 
0.03162100166082382 0.0843864232301712 0.07254915684461594 -0.012711990624666214 0.03364928066730499 0.044146355241537094 -0.06593714654445648 -0.0695863589644432 -0.031073138117790222 
-0.004446732811629772 0.0038692806847393513 0.035546284168958664 0.015553849749267101 0.01572456583380699 0.02816701866686344 -0.011639825068414211 0.00519414572045207 0.0026974135544151068 
-0.01734941639006138 -0.06477484107017517 -0.057421308010816574 0.042355865240097046 -0.008466893807053566 -0.06811442971229553 0.03045535646378994 0.045312341302633286 0.01425437442958355 
0.0013021334307268262 0.026551073417067528 0.020992230623960495 -0.01618175394833088 -0.012276006862521172 0.014582420699298382 -0.04098930209875107 -0.0511322058737278 -0.03661118820309639 
0.0038574947975575924 -0.0013562594540417194 0.019217656925320625 -0.010977531783282757 -0.024512067437171936 0.0023603870067745447 0.020006611943244934 0.035769857466220856 0.04634222015738487 
-0.02289189025759697 0.028906390070915222 0.04292849823832512 -0.00951672438532114 0.008589698001742363 0.07927034795284271 0.010059822350740433 0.022138288244605064 0.04678745195269585 
0.009356347844004631 -0.04170166328549385 -0.03393559902906418 0.007806355599313974 -0.011199007742106915 -0.027372712269425392 0.016941476613283157 0.043355703353881836 0.008074749261140823 
-0.03631404787302017 -0.08222945779561996 -0.06630846858024597 -0.02286195009946823 -0.05017557740211487 -0.09498797357082367 0.05023309960961342 -0.0001915393804665655 -0.015508078970015049 
-0.06842222064733505 0.020265990868210793 0.04211432859301567 0.002520815934985876 0.03400733694434166 0.010605770163238049 0.007955300621688366 0.011795036494731903 -0.027072779834270477 
0.06356487423181534 0.04476022720336914 -0.036177948117256165 0.06540174037218094 0.040683139115571976 -0.07896895706653595 0.017106538638472557 0.01685980334877968 -0.08928311616182327 
-0.02228032611310482 -0.0385994017124176 -0.0201114509254694 -0.01974787749350071 -0.004646851681172848 -0.015627233311533928 -0.03445038944482803 -0.011828956194221973 -0.027928320690989494 
0.002396494848653674 0.01583602838218212 -0.024662787094712257 0.04735352843999863 0.07069895416498184 0.03761614114046097 0.03578053414821625 0.1144832968711853 0.11938346177339554 
-0.009947686456143856 -0.025918545201420784 0.004428940359503031 0.06828596442937851 0.017809027805924416 0.02235116995871067 0.060628119856119156 0.046168748289346695 0.047851767390966415 
0.02828999049961567 0.030202195048332214 0.02984609082341194 -0.010123537853360176 0.027974050492048264 0.04835958033800125 -0.04516223073005676 -0.027001837268471718 -0.012870107777416706 
-0.06718529015779495 -0.039438992738723755 -0.06412235647439957 -0.09388920664787292 -0.010593178682029247 -0.071248859167099 -0.03466121852397919 -0.010384097695350647 -0.051801592111587524 
0.027772149071097374 0.03251436725258827 0.037522703409194946 0.041111186146736145 0.011905912309885025 0.022290898486971855 0.03536677360534668 0.03262805938720703 0.06212437525391579 
-0.03959742188453674 0.027538809925317764 0.09663906693458557 -0.02824004553258419 0.04129566624760628 0.10357770323753357 0.014959389343857765 0.031849272549152374 0.04476524889469147 
0.10830581933259964 0.1155044287443161 0.09645719081163406 0.13122384250164032 0.14046338200569153 0.1916220635175705 0.07867337018251419 0.14213252067565918 0.15330512821674347 
-0.017783276736736298 0.022446364164352417 0.01775316335260868 0.006921359803527594 0.013464478775858879 0.042115721851587296 0.012899053283035755 0.0024158782325685024 0.025902464985847473 
-0.03303343430161476 -0.049925632774829865 -0.051078617572784424 0.01404516026377678 -0.049422577023506165 -0.07833117246627808 0.062086138874292374 0.03073057532310486 -0.02011394128203392 
-0.014930622652173042 -0.006642815191298723 0.016912853345274925 -0.048759575933218 -0.01245228573679924 0.041395846754312515 -0.04275611788034439 -0.011427769437432289 0.019138986244797707 
-0.057128433138132095 -0.054483190178871155 0.007192355114966631 -0.08508989959955215 -0.1322833001613617 -0.08256898820400238 -0.016774676740169525 -0.04278351366519928 -0.033433180302381516 
-0.00969673227518797 -0.01018475741147995 -0.021830346435308456 0.031305499374866486 -0.007544743362814188 -0.04846540093421936 0.019129939377307892 0.016355592757463455 -0.013845260255038738 
-0.031120076775550842 -0.031140470877289772 -0.05995648354291916 -0.07076001167297363 -0.08628266304731369 -0.08132687211036682 -0.047727420926094055 -0.07704609632492065 -0.027900658547878265 
-0.014908220618963242 -0.062319379299879074 -0.08079847693443298 -0.03609580919146538 -0.05387311801314354 -0.11739081144332886 -0.008150622248649597 -0.08572079241275787 -0.10857539623975754 
0.019662929698824883 -0.00891848374158144 -0.008720043115317822 -0.01158942747861147 -0.04035527631640434 -0.05305206775665283 -0.011224303394556046 -0.01341958437114954 -0.005241580307483673 
-0.008691889233887196 -0.0061165825463831425 0.04737124964594841 0.013515939936041832 0.053023915737867355 0.020352426916360855 0.01619534380733967 0.034632645547389984 0.0006004148744978011 
-0.0012533596018329263 0.013750576414167881 -0.02204998955130577 0.06832684576511383 0.034177109599113464 0.02471962384879589 0.10452583432197571 0.11181209236383438 0.05712197721004486 
-0.012368456460535526 -0.0016340665752068162 0.017892425879836082 -0.04649195820093155 -0.03649699687957764 -0.028831802308559418 -0.011003422550857067 -0.017997760325670242 -0.03447943925857544 
0.029338428750634193 0.05921955406665802 0.05964304134249687 0.050401248037815094 0.09236568212509155 0.10546769201755524 0.030155349522829056 0.0820125862956047 0.10491117835044861 
-0.02822253666818142 -0.026899652555584908 0.01430323626846075 -0.04450549557805061 -0.03740646690130234 -0.03193235769867897 -0.003352629952132702 -0.01822608709335327 -0.023607946932315826 
-0.05795062333345413 -0.025645989924669266 -0.02719453163444996 -0.04834509640932083 -0.048334844410419464 -0.07011205703020096 -0.00979099702090025 -0.051251571625471115 -0.07889441400766373 
0.032218124717473984 0.018988022580742836 -0.017256703227758408 -0.023431770503520966 -0.02354346588253975 -0.023123377934098244 0.003931793849915266 0.02773199789226055 0.043577130883932114 
0.0019282371504232287 0.021358169615268707 -0.0009905152255669236 -0.008998599834740162 0.01635587401688099 -0.016857318580150604 0.02579316683113575 0.04581780731678009 0.011703910306096077 
0.03523877263069153 -0.006684172432869673 -0.03016364574432373 0.006988763343542814 4.902628643321805e-05 -0.01082230731844902 -0.008527222089469433 -0.001237190212123096 0.07169154286384583 
0.01986094005405903 -0.020071979612112045 -0.024251187220215797 0.022577321156859398 -0.019537674263119698 -0.02355836145579815 0.026887428015470505 -0.009700934402644634 -0.01610489934682846 
0.00048349983990192413 0.02621239610016346 0.013873839750885963 -0.010779819451272488 -0.01726451702415943 0.02554846927523613 -0.03871796652674675 0.0015050177462399006 0.018739499151706696 
0.014880949631333351 0.01807066798210144 0.0354669988155365 0.028748074546456337 0.02653106488287449 0.048811085522174835 0.016282422468066216 0.041307926177978516 -0.013023669831454754 
-0.0778203159570694 -0.056242141872644424 -0.05762777850031853 -0.05977535620331764 -0.0272450502961874 -0.04109141230583191 -0.0453842431306839 -0.042635634541511536 -0.057921402156353 
0.07829180359840393 0.03880637139081955 0.03420615941286087 0.04409797862172127 -0.000513071718160063 -0.00017312310228589922 0.007027513813227415 -0.05476890504360199 -0.0009403511066921055 
-0.02018900029361248 -0.07759533822536469 -0.030397681519389153 0.0009019310818985105 -0.03142090141773224 -0.08362429589033127 -0.018460245802998543 -0.0977022647857666 -0.08040932565927505 
-0.004418698139488697 -0.049003034830093384 -0.06413896381855011 -0.02570376545190811 0.0001584436686243862 -0.015765871852636337 -0.024829871952533722 -0.005744266789406538 0.014227977022528648 
-0.025310108438134193 -0.10020080953836441 -0.07863803207874298 -0.13438153266906738 -0.11856003850698471 -0.1800985336303711 -0.1462049037218094 -0.21402719616889954 -0.12701629102230072 
-0.08199776709079742 -0.11004433035850525 -0.10123686492443085 -0.11341772228479385 -0.056200020015239716 -0.15908224880695343 -0.10712555050849915 -0.18908435106277466 -0.18427665531635284 
0.009725361131131649 -0.008161082863807678 0.03899524733424187 0.027469443157315254 0.09695091843605042 0.039069660007953644 -0.02428041398525238 -0.009157061576843262 0.0043960148468613625 
0.00462528970092535 -0.020627930760383606 -0.05405890569090843 0.0030451391357928514 -0.025695964694023132 -0.06734320521354675 0.006297565996646881 -0.0222241822630167 -0.05183744058012962 
0.035554368048906326 0.008570564910769463 0.05172097310423851 -0.05216217041015625 0.034809645265340805 -0.014056355692446232 -0.07606425881385803 -0.0876554548740387 -0.030860070139169693 
0.0011630780063569546 0.02613453008234501 -0.007164585869759321 -0.008956524543464184 0.003465330693870783 -0.008616192266345024 -0.020522138103842735 -0.01684120111167431 -0.038819506764411926 
0.046560611575841904 0.05426046624779701 0.051138922572135925 0.06654521077871323 0.008183425292372704 0.042980145663022995 0.0525408498942852 0.0584259033203125 0.017713693901896477 
-0.01941465027630329 -0.013901491649448872 0.0036786093842238188 -0.056477874517440796 -0.02679920382797718 -0.054092492908239365 -0.013638461008667946 -0.0451631098985672 -0.03531401604413986 
-0.01416561659425497 0.03736960515379906 0.012726862914860249 0.05346871539950371 0.0029346065130084753 0.07317715138196945 0.062140271067619324 0.05772753432393074 0.053089868277311325 
0.05893344432115555 0.07171241194009781 0.03660392016172409 0.037723761051893234 0.025444284081459045 0.04251275211572647 0.020132197067141533 0.005371859297156334 -0.0022591238375753164 
0.01593974232673645 -0.015581171959638596 0.004745266865938902 0.006719005759805441 0.009611252695322037 0.04871834069490433 -0.000917560129892081 0.02254897728562355 0.049885254353284836 
-0.01633005030453205 -0.02964957244694233 -0.036049146205186844 -0.060608115047216415 -0.01202308852225542 -0.043061818927526474 -0.03291591256856918 -0.05542382225394249 -0.025350242853164673 
-0.04423648864030838 0.03704772889614105 0.0717783197760582 0.018846988677978516 0.05676167458295822 0.07198167592287064 0.018644116818904877 0.039460189640522 0.03285824507474899 
0.0243296530097723 -0.00011864183034049347 -0.017752962186932564 0.05154974013566971 -0.023339131847023964 0.03598065674304962 0.013269186019897461 0.01763800159096718 0.02750433050096035 
-0.03853804990649223 -0.04547058790922165 0.00347320269793272 -0.014547275379300117 -0.05358355492353439 0.02886364236474037 0.054914649575948715 0.04492738097906113 0.09552609175443649 
-0.13281719386577606 -0.11834663897752762 -0.08714732527732849 -0.16353945434093475 -0.15891781449317932 -0.14466799795627594 -0.0782054141163826 -0.0975104570388794 -0.07063180208206177 
-0.04359293729066849 -0.04773735627532005 0.0033527566120028496 -0.03573320060968399 -0.018621478229761124 -0.030262108892202377 0.0018894895911216736 0.010876809246838093 0.008522659540176392 
-0.006317836232483387 -0.013077002950012684 0.028826553374528885 0.05637608468532562 0.023255685344338417 0.006374053657054901 0.07464836537837982 0.022193031385540962 -0.004671553615480661 
-0.025418918579816818 -0.018254995346069336 -0.003616957226768136 -0.01279034186154604 -0.01828456111252308 -0.005965846590697765 0.021428488194942474 0.02260569855570793 0.014825237914919853 
-0.03619711473584175 -0.010981150902807713 -0.014902913942933083 -0.019352473318576813 -0.011796660721302032 0.013620754703879356 0.0031883518677204847 0.03353731706738472 0.05951111763715744 
-0.025806112214922905 -0.03351501375436783 0.05522540584206581 -0.12207985669374466 -0.10438665747642517 -0.05351177975535393 0.0039189839735627174 -0.0368228405714035 0.008053839206695557 
-0.028102515265345573 -0.001529147382825613 -0.014094313606619835 -0.021523144096136093 -0.014703379943966866 -0.02557259611785412 0.02088841237127781 0.012927583418786526 -0.003004111349582672 
0.06864118576049805 0.049405816942453384 -0.021936465054750443 0.0579378679394722 0.03689640015363693 0.015472237020730972 0.007619776763021946 0.03814215213060379 -0.002908953931182623 
-0.013748646713793278 -0.042475197464227676 0.015498285181820393 -0.011019240133464336 -0.06303867697715759 -0.08664266765117645 0.0411197692155838 -0.016268402338027954 -0.007840456441044807 
-0.01254001259803772 -0.0599651001393795 -0.0683915764093399 0.01775524765253067 0.006600411143153906 -0.0155784385278821 0.07734653353691101 0.09191827476024628 0.08676176518201828 
0.030324196442961693 -0.004307874012738466 0.005983334966003895 0.01504414901137352 -0.009615547955036163 0.023558398708701134 0.021326003596186638 0.01610674150288105 0.04299748316407204 
0.03646288439631462 0.02134396694600582 0.03227415308356285 0.05082068592309952 0.01005887147039175 0.02909654751420021 0.007338772062212229 0.035124413669109344 0.01127564162015915 
0.0003184619708918035 0.04036741331219673 0.06350065767765045 0.02563699334859848 0.07846824079751968 0.06773622334003448 0.01709595136344433 0.04341859370470047 0.02951175533235073 
-0.05075033754110336 -0.032629333436489105 -0.020862450823187828 -0.00678621232509613 0.016352113336324692 0.02612934820353985 0.018320368602871895 0.022413749247789383 0.07452013343572617 
-0.09965615719556808 -0.06758248060941696 -0.009010464884340763 -0.12641803920269012 -0.0348380021750927 -0.007110274862498045 -0.048499707132577896 -0.001593363587744534 0.07415996491909027 
-0.017815083265304565 0.05102641135454178 0.03462987393140793 0.04688149318099022 0.08334797620773315 0.09018389135599136 0.017795421183109283 0.017752211540937424 0.00704920245334506 
0.005308512132614851 -0.025350775569677353 -0.046944450587034225 -0.055179663002491 -0.05300315096974373 -0.11618317663669586 -0.024936579167842865 -0.07834811508655548 -0.06090281158685684 
0.04216131567955017 0.019631952047348022 -0.017680464312434196 -0.03377824276685715 -0.01366982702165842 -0.02395266853272915 0.011169003322720528 -0.0030502628069370985 0.011473450809717178 
0.02229151502251625 -0.0006880913861095905 0.002525100251659751 -0.013555502519011497 0.009545400738716125 0.017571760341525078 -0.03486362844705582 -0.010773874819278717 0.05032365396618843 
-0.01497469749301672 -0.03519077226519585 -0.011498257517814636 -0.0696740373969078 -0.03338391333818436 -0.08196868747472763 -0.08699345588684082 -0.08080374449491501 -0.06504084169864655 
-0.001810411922633648 -0.008651308715343475 0.006831900216639042 -0.07045774906873703 -0.08027276396751404 -0.06265173107385635 -0.03650657460093498 -0.06390997022390366 -0.041279420256614685 
-0.016568921506404877 -0.06368239969015121 -0.09715865552425385 -0.1454930305480957 -0.09549931436777115 -0.18648646771907806 -0.15538647770881653 -0.15273289382457733 -0.14613661170005798 
0.05262733995914459 0.043539900332689285 0.046032682061195374 0.048939235508441925 0.037686023861169815 0.05768069624900818 0.04535824805498123 0.019533254206180573 0.04220138117671013 
-0.06063074246048927 -0.07298849523067474 -0.04559871926903725 0.03537708520889282 0.02165978029370308 0.02462683618068695 0.055086079984903336 0.03613888472318649 0.026015769690275192 
0.007603923790156841 0.048742733895778656 0.0151974530890584 -0.006775392685085535 0.031584952026605606 0.02213696762919426 -0.028285415843129158 0.005825982894748449 0.05982212722301483 
-0.021755458787083626 0.020332608371973038 0.01820114627480507 -0.028511861339211464 -0.017109863460063934 -0.04395563155412674 -0.052618205547332764 -0.057822804898023605 -0.0752042755484581 
0.022550730034708977 0.004052286501973867 0.028155140578746796 -0.006063491106033325 -0.029094232246279716 0.009032484143972397 0.01704603061079979 0.006639822386205196 0.028765389695763588 
-0.021395692601799965 -0.05215902626514435 -0.044994376599788666 -0.08085158467292786 -0.09633518755435944 -0.06174153834581375 -0.045233104377985 -0.04601232334971428 -0.03399321436882019 
0.04861610382795334 0.03601241484284401 -0.006349585950374603 0.06098511815071106 0.02330273762345314 0.059798095375299454 0.052749887108802795 0.07873009145259857 0.055259887129068375 
-0.040785517543554306 -0.06773548573255539 -0.051091402769088745 -0.0258129071444273 -0.017353657633066177 0.01217432226985693 0.011541547253727913 0.02944597415626049 0.04947517812252045 
-0.036112621426582336 0.01977023296058178 0.043986931443214417 0.016227036714553833 0.03464590013027191 0.021682824939489365 0.06700838357210159 0.03786231949925423 -0.029288427904248238 
0.09200164675712585 0.10876636952161789 0.0546281673014164 0.08710446953773499 0.04117918759584427 0.05085911974310875 0.007519921753555536 0.06282064318656921 0.00796283595263958 
-0.0997413918375969 -0.21142032742500305 -0.1669279783964157 -0.16416440904140472 -0.15559960901737213 -0.17576412856578827 -0.09672131389379501 -0.12609602510929108 -0.09197378903627396 
0.01959126628935337 -0.022384896874427795 -0.030004557222127914 0.12230967730283737 0.05077820643782616 0.05449870228767395 0.10167104005813599 0.12237775325775146 0.06955289840698242 
0.035897161811590195 -0.03390049561858177 -0.016224747523665428 -0.0019637676887214184 -0.02064490132033825 -0.01705951988697052 -0.011170749552547932 0.013033682480454445 0.0016768310451880097 
0.02456657961010933 -0.026211930438876152 -0.060575440526008606 0.061997219920158386 0.014686967246234417 0.01066899485886097 0.059443991631269455 0.06383310258388519 0.06752708554267883 
-0.023072991520166397 -0.01666237600147724 -0.05208535119891167 0.00955192930996418 -0.002233483362942934 -0.01769421063363552 0.047991666942834854 0.06168832629919052 -3.848058622679673e-05 
-0.012943509966135025 -0.08794887363910675 -0.10293040424585342 -0.04740489274263382 0.02124204859137535 -0.09724212437868118 0.023533150553703308 0.009175427258014679 -0.0061017186380922794 
-0.03689948469400406 -0.0201145987957716 -0.013490266166627407 -0.04583859071135521 -0.0162854865193367 0.007507286034524441 -0.018266933038830757 0.011963470838963985 0.025895385071635246 
-0.027085987851023674 0.010609883815050125 -0.005302415229380131 -0.005305049475282431 -0.04958782345056534 -0.010501834563910961 -0.013608685694634914 -0.014338411390781403 -0.03846929594874382 
0.02701265551149845 -0.02745320089161396 -0.0923924595117569 -0.001917280605994165 -0.026661118492484093 -0.13398173451423645 0.020405951887369156 -0.04434803128242493 -0.108502097427845 
0.03944628685712814 0.02021513693034649 0.07647287845611572 0.0394878014922142 0.02528334967792034 0.07009684294462204 0.03537815436720848 0.06722163408994675 0.05951123684644699 
0.01867281273007393 0.029217123985290527 0.039406828582286835 0.03431889787316322 0.01594671793282032 0.04733525589108467 0.036784958094358444 0.03528865799307823 0.03208886459469795 
-0.036668259650468826 -0.029509464278817177 -0.05660063773393631 -0.030422642827033997 -0.01194869913160801 -0.05178098380565643 -0.02771928533911705 -0.04991946741938591 -0.0763961598277092 
-0.08638793230056763 -0.061709389090538025 -0.009644153527915478 -0.06414151191711426 -0.06246580556035042 0.021644312888383865 -0.009406293742358685 0.027433428913354874 0.07636511325836182 
-0.017627445980906487 0.009770005941390991 0.050095006823539734 0.0009882207959890366 0.03700905665755272 0.07466526329517365 0.0064484435133636 0.008547660894691944 0.05257983133196831 
0.0045042191632092 -0.031364891678094864 -0.029521336778998375 -0.057672467082738876 -0.07434546202421188 -0.040191151201725006 -0.08609310537576675 -0.11451714485883713 -0.05018915608525276 
0.03336833789944649 0.0851336419582367 0.010475453920662403 0.06145038828253746 0.018422750756144524 0.02105857990682125 0.07935712486505508 0.050796590745449066 -0.02332950197160244 
0.009882100857794285 0.027698636054992676 0.028208434581756592 0.011425374075770378 0.015199515968561172 0.04235579073429108 0.032421354204416275 0.04420556128025055 0.024833375588059425 
0.03949721157550812 0.029436398297548294 -0.007462472189217806 0.01740432344377041 0.00207156571559608 -0.047679465264081955 -0.01567399501800537 -0.04845866933465004 0.00444201473146677 
-0.0056816935539245605 0.06650345027446747 0.06424076855182648 0.027888905256986618 0.06722155958414078 -0.02061210200190544 0.03226439654827118 -0.05752338096499443 -0.023952873423695564 
-0.046840161085128784 -0.02135864645242691 -0.0016713308868929744 0.005742956884205341 0.014330505393445492 0.03555776923894882 0.018829545006155968 0.034270621836185455 0.00326932012103498 
-0.03052549622952938 -0.0046537802554667 -0.04816660284996033 0.019440285861492157 0.002262253314256668 -0.024580825120210648 -0.006829587277024984 -0.01733332686126232 0.005882774014025927 
0.030667010694742203 -0.0037591790314763784 0.04215449094772339 0.010458607226610184 -0.05458376556634903 0.021285954862833023 -0.0309977438300848 0.010743447579443455 0.029514020308852196 
0.06012136489152908 0.04392886534333229 -0.051327984780073166 0.029473694041371346 -0.03356609493494034 -0.13147880136966705 -0.08878970146179199 -0.08613957464694977 -0.09521167725324631 
-0.14687733352184296 -0.14249098300933838 -0.02375912293791771 -0.11381267011165619 0.010469930246472359 0.13846920430660248 0.007186061702668667 0.12890967726707458 0.1543889045715332 
-0.007833370938897133 -0.004775026347488165 0.02635047771036625 -0.017372000962495804 -0.02295590564608574 0.01372168492525816 -0.042130131274461746 -0.03142555058002472 0.0052277264185249805 
-0.04209541901946068 0.01698097214102745 0.013340672478079796 0.00968607235699892 0.034317195415496826 0.0244601983577013 0.07604093104600906 0.060716476291418076 -0.016127929091453552 
-0.09060633927583694 -0.04084206745028496 -0.020357292145490646 -0.04002441093325615 0.029626881703734398 0.06003757193684578 0.02892911061644554 0.08505630493164062 0.0752154067158699 
-0.0557594895362854 -0.05071340501308441 -0.0018519621808081865 -0.05251184105873108 -0.054655641317367554 -0.025347068905830383 -0.06047717481851578 -0.0585268996655941 -0.0041019427590072155 
-0.0031824815087020397 -0.00428003491833806 -0.03524821996688843 -0.005805870983749628 0.020309578627347946 -0.022659150883555412 -0.014724809676408768 0.018123799934983253 -0.02961016446352005 
0.061959341168403625 0.11944960802793503 0.009968706406652927 0.093573197722435 0.037407588213682175 -0.09118841588497162 0.054286472499370575 -0.013728594407439232 -0.08334286510944366 
-0.06124074384570122 -0.049810558557510376 -0.06386223435401917 -0.01769987680017948 -0.005358552094548941 0.0057022483088076115 -0.05212363228201866 0.038089293986558914 0.012691231444478035 
0.08255790174007416 0.07647780328989029 -0.00796557031571865 0.024901848286390305 0.01785340905189514 -0.029296735301613808 -0.013313707895576954 -0.02384866029024124 -0.011471125297248363 
0.0022152091842144728 -0.028222424909472466 0.022678840905427933 -0.010918108746409416 -0.007656328845769167 0.0162181556224823 -0.04487181082367897 -0.022071270272135735 -0.0029089082963764668 
0.00043439489672891796 -0.02918272651731968 -0.012270748615264893 -0.029729502275586128 -0.035784173756837845 -0.05923737585544586 -0.07408109307289124 -0.06464996933937073 -0.05790308117866516 
-0.04262252151966095 -0.033046904951334 0.007310499437153339 -0.01985611580312252 -0.04173624888062477 -0.022858111187815666 0.00383736751973629 -0.04404880851507187 -0.031083300709724426 
0.04047510400414467 0.017449965700507164 0.0129681546241045 0.01658320054411888 0.00991455651819706 0.019756222143769264 0.05212068185210228 0.06779160350561142 0.05213301256299019 
-0.0942579135298729 -0.08413910120725632 -0.06114015728235245 -0.12061554938554764 -0.11162106692790985 -0.06888853758573532 -0.11335951834917068 -0.09113934636116028 -0.05324266105890274 
-0.00904893409460783 -0.0030841699335724115 0.04437261074781418 -0.04533597081899643 -0.058217380195856094 0.06322753429412842 -0.027199866250157356 -0.07034698873758316 0.039839331060647964 
0.03747393563389778 0.005094002466648817 -0.04365164041519165 0.0756249949336052 0.06871437281370163 0.034492164850234985 0.06399662792682648 0.07674860954284668 0.058764513581991196 
-0.009092441760003567 -0.015420151874423027 -0.019403187558054924 -0.05906066671013832 -0.09311558306217194 -0.1035413146018982 -0.022956566885113716 -0.05841705948114395 -0.0646522268652916 
-0.010747707448899746 -0.00349435955286026 0.0580110102891922 -0.03860488161444664 -0.0506022609770298 0.0006248263525776565 -0.05083019286394119 -0.10007110238075256 -0.046324118971824646 
0.01342141442000866 -0.026479467749595642 -0.036371298134326935 0.010915248654782772 -0.02394583448767662 -0.0718475952744484 0.013308710418641567 -0.022154703736305237 0.003246586536988616 
0.005596010480076075 -0.011300057172775269 -0.009225623682141304 -0.04742610082030296 -0.0766838937997818 -0.038198377937078476 -0.022959955036640167 -0.04993375018239021 -0.007408004719763994 
0.007616684306412935 0.012949454598128796 0.024230198934674263 0.0418732576072216 0.025439780205488205 0.047902438789606094 0.06321507692337036 0.06558962911367416 0.0354158915579319 
-0.034514013677835464 -0.042547184973955154 -0.011225061491131783 -0.041736356914043427 0.008619027212262154 0.03622656315565109 0.010387291200459003 0.058027736842632294 0.05385243892669678 
0.008370324969291687 0.034144651144742966 -0.012813865207135677 0.03948338329792023 0.05556291341781616 0.053306564688682556 0.03910104185342789 0.04308298975229263 0.07311895489692688 
0.021191038191318512 -0.035878147929906845 -0.009999224916100502 -0.0520804189145565 -0.03518661856651306 -0.017433520406484604 -0.09304816275835037 -0.08860770612955093 -0.035937756299972534 
-0.04721786454319954 -0.08932934701442719 -0.0546744279563427 -0.09862462431192398 -0.05287330597639084 0.007424499839544296 -0.04617229476571083 0.002972154878079891 0.09304135292768478 
-0.005896624177694321 -0.04161813110113144 -0.0001708675263216719 -0.000687598017975688 -0.008832335472106934 0.00426082219928503 0.03591855987906456 0.07949206978082657 0.0710158571600914 
0.02041325345635414 0.0659211277961731 -0.06351292133331299 0.09860684722661972 -0.03268783167004585 -0.07777105271816254 0.0567251481115818 -0.0018159841420128942 -0.029821032658219337 
0.02047547698020935 0.03721720725297928 -0.011747181415557861 0.05518335476517677 0.006100578233599663 -0.07627706974744797 0.0621485561132431 -0.023521536961197853 -0.06275874376296997 
0.007503267843276262 -0.06318388879299164 -0.056269410997629166 -0.03736637905240059 -0.03062923066318035 -0.046538788825273514 0.02940886653959751 -0.000752633495721966 0.0025655096396803856 
0.00023563989088870585 0.05281190574169159 0.11153057217597961 0.004744366742670536 0.05525051802396774 0.08128877729177475 0.026609227061271667 0.05417601391673088 0.05660366266965866 
-0.010429898276925087 -0.00013939251948613673 0.07258627563714981 0.003255336545407772 -0.024207476526498795 0.007372098974883556 0.046111464500427246 0.024513311684131622 0.00023768277605995536 
-0.02779187634587288 -0.015923351049423218 -0.017142539843916893 -0.009995175525546074 0.008559783920645714 0.03223342448472977 -0.016665179282426834 0.01355881616473198 0.05214008316397667 
-0.020982105284929276 0.011534655466675758 0.027738336473703384 -0.003386643948033452 0.014132876880466938 0.021535225212574005 0.02856389805674553 0.002842608606442809 0.01730293408036232 
0.013483076356351376 0.03906010836362839 0.08076305687427521 -0.008425568230450153 -0.024675846099853516 0.014842583797872066 -0.012741824612021446 -0.00928418803960085 -0.027259942144155502 
-0.044131770730018616 0.00946253165602684 0.0792929008603096 -0.06975694000720978 0.04401969909667969 0.14021992683410645 0.01007077656686306 0.10051875561475754 0.06816942989826202 
0.0037736669182777405 0.020352277904748917 0.034995730966329575 0.002977884840220213 0.013944274745881557 0.020926713943481445 0.008738691918551922 -0.0025310730561614037 -0.0028970111161470413 
-0.047574806958436966 -0.02044171839952469 -0.018386071547865868 -0.031758565455675125 -0.002886946313083172 -0.03944012150168419 -0.0022725791204720736 -0.027730382978916168 -0.04485179856419563 
0.047592904418706894 0.048909056931734085 -0.030712785199284554 0.035217829048633575 0.01707646995782852 -0.061038970947265625 -0.007887118496000767 -0.03135167434811592 -0.06026135012507439 
0.043867211788892746 0.04146460071206093 -0.014144019223749638 0.010679849423468113 0.013502847403287888 -0.02442561276257038 -0.029456518590450287 -0.024910548701882362 -0.03701268136501312 
-0.05777523294091225 -0.08277260512113571 0.0030867429450154305 -0.10770642012357712 -0.02328888326883316 0.10537310689687729 -0.11842044442892075 0.031374190002679825 0.12238287180662155 
0.01873798854649067 -0.01820448599755764 -0.0666971504688263 0.03574488312005997 0.017432335764169693 -0.006372340023517609 0.04421214759349823 0.05396324023604393 0.04534414783120155 
0.013132716529071331 -0.016293970867991447 -0.016307448968291283 0.04160388931632042 0.013817436061799526 -0.012595920823514462 0.0140489861369133 0.009492149576544762 0.01841016672551632 
0.015740839764475822 -0.05165978521108627 -0.03754641115665436 0.020029380917549133 0.004643484950065613 -0.022289592772722244 0.021459417417645454 0.0166569072753191 -0.00368890049867332 
-0.005068668629974127 -0.006561286747455597 -0.05702929198741913 0.042931828647851944 0.05119038000702858 0.041732724756002426 -0.03019387274980545 0.09701565653085709 0.06375844031572342 
0.030575519427657127 -0.017996853217482567 -0.029451701790094376 0.007927214726805687 0.0070610991679131985 -0.007771710865199566 0.04054983705282211 0.016336897388100624 -0.022761935368180275 
-0.061600543558597565 -0.019375285133719444 0.0027457454707473516 -0.04778861626982689 -0.009519108571112156 0.0182077307254076 -0.023517020046710968 -0.021646469831466675 -0.022283069789409637 
0.008906048722565174 -0.03815928101539612 -0.03762110695242882 0.015318374149501324 -0.00819014385342598 -0.008059592917561531 0.021897543221712112 0.040419161319732666 -0.02590089850127697 
0.01256351638585329 0.1536434292793274 0.17207473516464233 -0.13203108310699463 0.04252276197075844 0.21569566428661346 -0.21929341554641724 -0.1479344218969345 0.04296007752418518 
-0.0458051934838295 -0.07463057339191437 -0.06181366369128227 0.07045657932758331 -0.004801311995834112 -0.09344913810491562 0.12798701226711273 0.11154846101999283 0.007315756753087044 
-0.016304127871990204 -0.02917698211967945 -0.09510107338428497 0.010839072987437248 0.02788958139717579 -0.025102661922574043 -0.007355521433055401 0.03628183901309967 0.03291486203670502 
0.00291698076762259 0.008435328491032124 -0.013143567368388176 -0.03647398203611374 0.039073772728443146 0.021687937900424004 0.0035806430969387293 0.0034516174346208572 0.026577962562441826 
0.005047195591032505 -0.014840315096080303 0.00116375379730016 -0.013747526332736015 -0.020330600440502167 -0.029371438547968864 0.012712792493402958 0.007547103334218264 0.0036446531303226948 
-0.010119296610355377 0.053630530834198 0.04685930907726288 -0.04482283070683479 0.02674076519906521 0.0638333186507225 -0.07799357920885086 0.006452391389757395 0.0577256940305233 
-0.0010513715678825974 -0.06583389639854431 -0.03168106824159622 0.05425891652703285 -0.05439039319753647 -0.0022375276312232018 0.06268707662820816 0.05052046850323677 0.019795561209321022 
0.04185497760772705 0.033542320132255554 0.030682701617479324 -0.009013858623802662 0.0019995924085378647 0.0605916790664196 -0.022480368614196777 -0.04586465656757355 0.042457886040210724 
-0.011744694784283638 -0.0353148877620697 -0.0017705649370327592 -0.03228794038295746 0.0061639780178666115 0.0007607121369801462 -0.004400285892188549 -0.05084619298577309 -0.03311942145228386 
-0.009621158242225647 0.058002546429634094 0.04404246807098389 0.005926920101046562 0.06949792802333832 0.08861055225133896 -0.03445494920015335 0.06954485923051834 0.06439696997404099 
0.03079557791352272 0.02361544966697693 -0.033726535737514496 0.05371982976794243 0.04736360162496567 0.03698479384183884 -0.00861142948269844 0.008157924748957157 0.011062740348279476 
-0.006751957815140486 0.07033802568912506 0.08336149156093597 0.027336610481142998 0.054288350045681 0.1349707990884781 0.039631981402635574 0.05271919444203377 -0.002888750284910202 
-0.05028442293405533 -0.02824065275490284 0.020132724195718765 0.005320881959050894 0.00651742285117507 -0.036116182804107666 0.04569161310791969 0.011362015269696712 -0.06408163905143738 
-0.0808996856212616 -0.05895688384771347 -0.052902303636074066 -0.035436879843473434 -0.059256166219711304 -0.01834169030189514 0.04027808457612991 0.032029129564762115 -0.00045620615128427744 
0.0023597185499966145 0.0004313555546104908 0.01679876074194908 -0.0277846809476614 -0.01985684409737587 0.02140343002974987 -0.03112083300948143 0.007385964971035719 0.020676258951425552 
-0.03004506416618824 -0.03857669606804848 0.002214855281636119 0.014047255739569664 -0.01715918444097042 0.02037969045341015 0.011444647796452045 -0.022586198523640633 -0.02178899198770523 
-0.08826290816068649 -0.12864942848682404 -0.07776866853237152 -0.06627883017063141 -0.12657231092453003 -0.11077465862035751 -0.0620623454451561 -0.15401741862297058 -0.1646505445241928 
0.025104455649852753 0.04788677766919136 0.033504851162433624 0.01778491958975792 0.07123589515686035 0.03638817369937897 0.007595597766339779 0.030404891818761826 0.049102358520030975 
0.018242739140987396 0.03655010089278221 0.00910747330635786 0.1071213036775589 0.05712149664759636 0.03925216570496559 0.07790042459964752 0.07838480919599533 0.0370841920375824 
0.029118768870830536 0.008204367011785507 -0.031486719846725464 -0.05345208942890167 0.00699869217351079 0.03716863691806793 -0.07959116995334625 -0.033813998103141785 0.029940571635961533 
-0.0659557580947876 -0.07104351371526718 -0.09598948806524277 -0.09653204679489136 -0.0640292838215828 -0.11640692502260208 -0.09563300758600235 -0.10014429688453674 -0.12453839182853699 
-0.06164783239364624 -0.013407811522483826 -0.028469225391745567 -0.06512323766946793 0.0055540394969284534 -0.031488750129938126 -0.020564695820212364 -0.03767957538366318 -0.03273068368434906 
0.00033838817034848034 -0.029829369857907295 -0.04308060184121132 0.015374274924397469 0.004055141471326351 -0.011917581781744957 0.038607969880104065 -0.004566733259707689 -0.026537107303738594 
-0.03444519639015198 0.008885005488991737 0.022252850234508514 -0.07909063249826431 -0.04094221815466881 0.015969643369317055 -0.03705702722072601 -0.03812907263636589 0.007467363961040974 
0.025501202791929245 0.02994903363287449 -0.03988152742385864 0.02717534266412258 0.027796920388936996 0.039677295833826065 -0.01789563149213791 0.026434065774083138 0.09146237373352051 
-0.01578797586262226 0.018683122470974922 0.03244519978761673 0.035276636481285095 0.07089479267597198 0.06480555981397629 0.018584294244647026 0.09111695736646652 0.03507611155509949 
-0.021477052941918373 -0.06219528242945671 0.012058811262249947 -0.03535693511366844 -0.034525662660598755 -0.02799573913216591 -0.002879130421206355 -0.012960279360413551 0.0011639975709840655 
-0.01199852954596281 0.013734624721109867 0.05291562154889107 -0.017107730731368065 0.04231661930680275 0.04812735691666603 -0.09423991292715073 -0.04021362215280533 0.0022163011599332094 
-0.01787918247282505 -0.005767639260739088 0.009853573516011238 -0.07437204569578171 -0.0834626853466034 -0.04257817938923836 -0.036062806844711304 -0.059584759175777435 -0.012546606361865997 
0.043277446180582047 0.11009567230939865 0.08180835098028183 0.07052969932556152 0.06331508606672287 0.11301778256893158 0.03966351971030235 0.09947171807289124 0.07397501170635223 
0.0052161384373903275 -0.022416139021515846 -0.012610248290002346 -0.015098203904926777 -0.034608397632837296 -0.019097361713647842 -0.020022714510560036 -0.04392875358462334 -0.04194950684905052 
-0.10299444943666458 -0.10538120567798615 -0.04321334511041641 -0.07737032324075699 -0.06008423492312431 -0.05776938050985336 -0.019788015633821487 -0.04144737124443054 -0.001869172789156437 
0.002559001324698329 -0.010543713346123695 -0.01207323931157589 0.017154710367321968 -0.0005756149766966701 -0.007984578609466553 0.042521748691797256 0.04496922343969345 0.03581104055047035 
9.771101031219587e-05 0.011294489726424217 0.01036232989281416 -0.030856944620609283 -0.017970619723200798 0.014940322376787663 -0.005843278951942921 0.00949225202202797 0.026317449286580086 
-0.02573458105325699 -0.046566110104322433 -0.03729993849992752 -0.0038161035627126694 -0.0011569666676223278 -0.023528683930635452 0.029577113687992096 0.04737776145339012 0.025098396465182304 
0.021312598139047623 -0.029012273997068405 -0.0454026460647583 0.07256833463907242 0.030133867636322975 -0.0035947714932262897 0.07062363624572754 0.047452062368392944 -0.004534503910690546 
-0.03159710392355919 -0.03591785579919815 -0.01171207893639803 -0.05412454530596733 -0.060817040503025055 -0.04546114802360535 -0.025069531053304672 -0.0416182205080986 -0.054130420088768005 
0.019332319498062134 -0.025512782856822014 0.00033112516393885016 -0.01415941771119833 -0.018946852535009384 -0.037129826843738556 -0.022750185802578926 -0.015812836587429047 -0.04097948968410492 
0.010080814361572266 0.056068241596221924 0.09860843420028687 0.030820833519101143 0.030571995303034782 0.11362788081169128 0.018315579742193222 0.011433926410973072 0.03634943068027496 
-0.0220221895724535 0.005025044549256563 0.042303744703531265 -0.025563934817910194 -0.008022414520382881 0.02436506561934948 -0.06828773766756058 -0.06068596988916397 -0.03763532638549805 
0.02812768705189228 -0.004506479483097792 0.018339533358812332 0.054543524980545044 0.021740542724728584 0.020173929631710052 0.09965939074754715 0.04889515042304993 0.04455254599452019 
0.0034673467744141817 -0.0026614954695105553 -0.041641879826784134 0.0016662712441757321 -0.0039697983302176 -0.022244174033403397 0.05787094309926033 0.059068746864795685 0.004143666476011276 
0.015724217519164085 0.0033217447344213724 -0.010836386121809483 0.02149030566215515 0.027822628617286682 -0.05180153250694275 -0.030703134834766388 -0.030519535765051842 -0.014639096334576607 
0.04066340625286102 0.020668664947152138 0.006694958545267582 0.01014643907546997 0.008088186383247375 -0.06303064525127411 -0.02456134371459484 -0.04932878911495209 -0.06448547542095184 
0.060318928211927414 0.01034531556069851 -0.021036747843027115 -0.019203346222639084 -0.056436337530612946 -0.10279899090528488 -0.09097206592559814 -0.1626879870891571 -0.10386347025632858 
-0.015042771585285664 0.01726171188056469 0.03894298896193504 -0.04185701906681061 0.019760841503739357 -0.018886201083660126 -0.03865444287657738 -0.05968537554144859 -0.043438948690891266 
0.006555208936333656 0.018186161294579506 0.03074578009545803 0.039401207119226456 0.036722078919410706 0.058620549738407135 0.08477665483951569 0.06547749042510986 0.05703452602028847 
0.037295032292604446 0.005887969862669706 0.0090946638956666 -0.03228379413485527 0.0012260660296306014 -0.02692965790629387 -0.08475740253925323 -0.07957371324300766 -0.07800203561782837 
-0.05146374553442001 -0.006189520936459303 0.019771065562963486 -0.02898847684264183 0.011602749116718769 0.040600769221782684 0.03324286639690399 0.05671603977680206 0.01930125616490841 
0.01318031270056963 0.003771997755393386 -0.03714350610971451 0.01266871765255928 -0.007636230438947678 0.011145136319100857 0.01249821949750185 0.01324467547237873 -0.0001671481877565384 
0.09146751463413239 0.12371227145195007 0.09421371668577194 0.14942242205142975 0.12801986932754517 0.10542230308055878 0.07507254928350449 0.05845561996102333 -0.02110094018280506 
-0.08458232879638672 -0.05997534096240997 -0.03421962261199951 -0.037637561559677124 0.007300061173737049 0.07220417261123657 0.011531161144375801 0.09191980212926865 0.10325896739959717 
0.039861880242824554 0.007310847286134958 -0.027456708252429962 0.034304745495319366 0.006775768473744392 -0.05029287189245224 -0.00471742358058691 -0.035443611443042755 -0.07454417645931244 
-0.010203825309872627 -0.04309755563735962 -0.03181188553571701 -0.032206546515226364 -0.05422455817461014 -0.007020905613899231 -0.014995676465332508 -0.009591740556061268 0.010817650705575943 
0.03842496499419212 0.030582617968320847 0.0325593538582325 -0.02043187990784645 -0.043136727064847946 -0.02291743829846382 0.0038226519245654345 -0.022457238286733627 -0.017751136794686317 
-0.06555557996034622 -0.04268099367618561 0.006800842471420765 -0.0034575429745018482 -0.018648110330104828 0.0337647870182991 0.014270962215960026 -0.0007510028081014752 0.014722834341228008 
-0.03519504517316818 -0.04051259160041809 -0.03202758729457855 -0.03279423713684082 -0.026145046576857567 -0.04542488604784012 -0.0505857951939106 -0.016259081661701202 -0.02571684494614601 
0.01304154098033905 0.016266105696558952 0.004300775472074747 0.04029262438416481 0.05319250375032425 0.016612326726317406 -0.011037510819733143 -0.003927419427782297 -0.012327045202255249 
0.0012603489449247718 0.034081701189279556 0.01138195488601923 0.02122584730386734 0.0491965189576149 0.008585520088672638 -0.008601597510278225 -0.017851348966360092 0.012173278257250786 
0.009937381371855736 0.026408106088638306 0.03112497180700302 0.01578797958791256 0.019553760066628456 0.015135908499360085 0.012946388684213161 0.02735348604619503 0.01052938587963581 
-0.011479937471449375 0.0021971645765006542 0.055993836373090744 0.0011178915156051517 -0.024214541539549828 0.008928942494094372 -0.01639655977487564 -0.010330370627343655 -0.03496610373258591 
-0.012850450351834297 -0.03420126438140869 -0.048659659922122955 -0.011501822620630264 -0.026094472035765648 0.004657169338315725 0.009394265711307526 0.01006871648132801 0.01982223428785801 
0.02337716519832611 -0.016370756551623344 -0.032562363892793655 -0.017725618556141853 -0.06893859058618546 -0.03437041863799095 -0.003102099522948265 -0.04352050647139549 -0.020459545776247978 
-0.0049644396640360355 0.04151276871562004 0.014429515227675438 0.014427006244659424 0.062278345227241516 0.03644769266247749 0.01020672544836998 0.04971778020262718 0.03570151701569557 
-0.041362203657627106 0.13135561347007751 0.11521221697330475 0.08306992053985596 0.3042050898075104 0.23590275645256042 0.11271993815898895 0.2676169276237488 0.14332816004753113 
-0.004913562908768654 -0.014910520985722542 -0.037585917860269547 -0.010738897137343884 -0.028306154534220695 -0.011553512886166573 -0.01084480807185173 -0.027735548093914986 0.00764682749286294 
-0.06527809798717499 0.011991815641522408 0.037572231143713 -0.017800185829401016 0.02132759802043438 0.0037160643842071295 0.017854979261755943 -0.0068558272905647755 -0.044006604701280594 
0.002812430262565613 -0.0018248572014272213 -0.025235233828425407 0.016990901902318 0.005723932757973671 0.00297350762411952 0.0019579168874770403 0.0061256191693246365 0.017674483358860016 
-0.03421924635767937 -0.043988797813653946 -0.03245611488819122 -0.09667228162288666 -0.1404264271259308 -0.11517998576164246 -0.07615294307470322 -0.15943333506584167 -0.1189621239900589 
-0.018707694485783577 -0.05541379749774933 -0.04571497067809105 -0.040367964655160904 -0.021180151030421257 -0.03275017812848091 -0.05104343965649605 -0.038800932466983795 -0.02313040941953659 
0.001597034395672381 -0.02917683869600296 -0.008250270038843155 0.023497149348258972 0.02663898654282093 -0.00304209440946579 -0.0023425493855029345 0.021741652861237526 -0.009088466875255108 
-0.06604883074760437 -0.12153559178113937 -0.03485209122300148 -0.10288801044225693 -0.19103112816810608 -0.07268564403057098 -0.04187268018722534 -0.1532437652349472 -0.07093998789787292 
-0.02599964663386345 -0.0019556148909032345 -0.039941783994436264 0.0016063195653259754 0.007422253023833036 0.02536112070083618 -0.03281136974692345 0.015175140462815762 0.043414853513240814 
