-0.003985811490565538 0.009646314196288586 -0.022315647453069687 -0.04020572453737259 -0.04247066006064415 -0.03263215720653534 -0.045455001294612885 -0.06960439682006836 -0.06489254534244537 
-3.66172353096772e-05 -0.00015222006186377257 -0.0004981908132322133 0.00011445461132097989 -1.5960560631356202e-05 -0.00035587395541369915 5.624465484288521e-05 -0.0002957333636004478 -0.0006109304958954453 
0.003796221921220422 0.077199786901474 -0.08262569457292557 -0.020415669307112694 0.07362096011638641 -0.03337600827217102 -0.03010968118906021 0.05171830579638481 0.005103560164570808 
-0.050454311072826385 -0.044906698167324066 -0.02033727988600731 0.02077644132077694 0.007600234821438789 -0.024330424144864082 0.007001213729381561 0.015993360430002213 -0.02703283540904522 
-0.009325695224106312 -0.04548478499054909 0.04831979423761368 0.020841771736741066 -0.09567660093307495 0.0569254569709301 0.016757551580667496 0.07482810318470001 0.026074418798089027 
0.04720558971166611 0.05252111703157425 -0.05424671992659569 0.030633261427283287 0.01955297403037548 -0.011026578955352306 -0.038547445088624954 -0.03732534125447273 -0.020943107083439827 
-0.06233329698443413 -0.08874953538179398 -0.06828463077545166 -0.07002406567335129 -0.09972024708986282 -0.06885422766208649 -0.06028614193201065 -0.05344660207629204 -0.04098725691437721 
0.022686464712023735 0.04244616627693176 0.06606076657772064 0.02756701596081257 0.03548656776547432 0.05483252927660942 -0.012385332956910133 -0.01036148238927126 0.0021156526636332273 
0.000192899678950198 -0.0026387085672467947 0.04635889083147049 0.032557353377342224 0.052617307752370834 -0.05799877271056175 0.04355093836784363 0.035624705255031586 -0.04863874986767769 
0.049622759222984314 -0.0428411103785038 -0.047541264444589615 0.05577487125992775 -0.058128178119659424 -0.04166935011744499 0.016718722879886627 -0.014734065160155296 -0.062232472002506256 
4.484510100155603e-06 8.600388355262112e-06 -2.3020036223897478e-06 1.5285424524336122e-05 -4.665781943913316e-06 9.058577234100085e-06 -2.044369239229127e-06 -4.570032160700066e-06 -4.0382601582678035e-06 
-0.045570723712444305 -0.07754325866699219 -0.03144119679927826 -0.04440851882100105 -0.07447654753923416 0.008036775514483452 0.0024324834812432528 -0.04241408780217171 0.011137970723211765 
0.08918331563472748 0.06993899494409561 -0.02503562904894352 0.12021216005086899 0.09988228976726532 -0.0042140893638134 -0.017826776951551437 -0.06530426442623138 -0.03989074006676674 
-0.04805954545736313 0.020773708820343018 0.00793972983956337 -0.04533863067626953 0.050510041415691376 0.06807977706193924 -0.04044380411505699 -0.012243058532476425 0.01989382691681385 
0.017026476562023163 0.03244148939847946 0.02176089398562908 -0.06056226044893265 -0.03293473646044731 -0.0026128916069865227 -0.06559779495000839 -0.042853664606809616 -0.010138080455362797 
0.014628666453063488 -0.016204191371798515 -0.037280213087797165 0.0688229575753212 0.0021609575487673283 -0.03343850001692772 0.010170450434088707 -0.06769918650388718 0.0010333848185837269 
-0.023915423080325127 -0.01957208663225174 -0.012096821330487728 0.0019528776174411178 0.0004517714260146022 0.0028435280546545982 -0.0074819643050432205 -0.009083950892090797 -0.009385336190462112 
0.0002842735266312957 0.00023789392434991896 0.00030837859958410263 0.0001736608537612483 0.000152092135977 0.00020593793306034058 9.722382674226537e-05 8.213144610635936e-05 0.00011043381527997553 
-0.031622014939785004 -0.016166124492883682 0.0031727442983537912 -0.009152616374194622 -0.0065866331569850445 0.0013153052423149347 0.01052943430840969 0.017801428213715553 0.021383322775363922 
-0.009683160111308098 0.01554152462631464 0.00801079347729683 0.01267931330949068 0.038531344383955 0.04114151373505592 0.018898742273449898 0.03175804764032364 0.0354180634021759 
-0.023626772686839104 -0.010461733676493168 -0.012913135811686516 -0.055559564381837845 -0.004807120654731989 -0.01968330517411232 -0.005321660544723272 0.05692257732152939 0.05440378561615944 
0.0107010118663311 0.004440985154360533 0.002953559160232544 0.013065289705991745 0.003798054764047265 -0.0012416245881468058 -0.009081603027880192 -0.023668212816119194 -0.021527940407395363 
0.019163867458701134 0.06476195901632309 0.05275646224617958 0.008757592178881168 0.05987246334552765 0.033753957599401474 -0.011443869210779667 0.038227569311857224 -0.0006362866261042655 
0.04051600769162178 0.06736717373132706 0.06491449475288391 0.02994821034371853 0.06263554841279984 0.06077231094241142 -0.014522705227136612 0.017589528113603592 0.019956713542342186 
-0.0060225678607821465 -0.030990684404969215 -0.02487901784479618 0.03465723991394043 0.003155096899718046 0.020067885518074036 0.06958785653114319 0.05396668612957001 0.06415151059627533 
-0.01773945428431034 -0.015942148864269257 -0.02123291790485382 -0.02843652479350567 -0.021190941333770752 -0.009167149662971497 -0.037640467286109924 -0.026118706911802292 -0.002310884417966008 
-6.4920982367766555e-06 1.1426169294281863e-05 1.4713430573465303e-05 5.880541721126065e-06 9.962418516806792e-06 2.8067610401194543e-05 -4.63996002508793e-06 1.739119215926621e-05 1.3047059837845154e-05 
-0.002603044267743826 -0.015126833692193031 -0.010557162575423717 -0.007877698168158531 -0.009525882080197334 -0.0061510903760790825 0.020137188956141472 0.027207793667912483 0.035678278654813766 
0.023515209555625916 0.024947380647063255 0.03714018315076828 0.036541130393743515 0.030341196805238724 0.03501307591795921 0.01170920766890049 0.003103948198258877 0.016434887424111366 
-0.029466429725289345 -0.02103600837290287 0.0023739817552268505 0.00042913545621559024 -0.010230768471956253 -0.0005609497311525047 0.00684342673048377 0.001159017556346953 -0.0074441623874008656 
0.048850659281015396 0.052526384592056274 0.062370311468839645 0.04005708545446396 0.055660467594861984 0.06785675883293152 0.027661927044391632 0.047083780169487 0.06187623739242554 
0.0033132201060652733 0.003175498452037573 0.010332816280424595 0.015431197360157967 0.007621583063155413 0.011550495401024818 -0.013828646391630173 -0.02239515818655491 -0.01395262312144041 
0.00923151895403862 0.01675933413207531 0.007131980732083321 -0.01005645003169775 -0.0003826500033028424 0.010162311606109142 -0.0331474207341671 -0.04814501106739044 -0.037702471017837524 
-0.0011241986649110913 -0.0009750525932759047 -0.000545874354429543 -0.0010932773584499955 -0.0004746700287796557 8.6407751950901e-05 -0.0005304158548824489 0.00024010810011532158 0.00033186780638061464 
0.042946457862854004 0.0692317858338356 -0.01704050973057747 0.02773803286254406 0.061992064118385315 -0.052229177206754684 0.011560972779989243 -0.017165549099445343 -0.036489274352788925 
0.0028412260580807924 0.007301817182451487 0.006870032288134098 0.02747347019612789 0.05260090157389641 0.036340150982141495 -0.06974437832832336 -0.041795533150434494 -0.04445935785770416 
-0.014161817729473114 0.10763198882341385 -0.034004438668489456 0.1289990246295929 -0.06538881361484528 -0.08511964976787567 0.06301093101501465 0.035642657428979874 -0.08803961426019669 
-0.13983358442783356 -0.12644582986831665 -0.09468074887990952 -0.11066809296607971 -0.052519697695970535 0.011521783657371998 0.017109615728259087 0.06471776962280273 0.14235320687294006 
0.0033101357985287905 -0.015185480937361717 -0.07180745154619217 0.013408924452960491 -0.0547562837600708 -0.06855854392051697 0.03232278302311897 0.024780970066785812 0.03660723939538002 
0.01365514937788248 0.03929521515965462 0.0133116589859128 0.007900271564722061 0.05073688551783562 0.023590290918946266 -0.04507854953408241 -0.04417985677719116 -0.07460744678974152 
-0.07046728581190109 -0.22008450329303741 -0.027249254286289215 -0.058665916323661804 -0.08178409188985825 0.04484536126255989 0.05169541761279106 0.19453105330467224 0.19970650970935822 
-0.01482496690005064 0.01882999576628208 0.0332719087600708 -0.009784583933651447 0.01791348122060299 -0.015053053386509418 -0.0471370555460453 -0.017491793259978294 -0.04002181440591812 
-2.0862677047261968e-05 -2.5600184017093852e-05 -3.2500713132321835e-05 -1.3598538316728082e-05 -2.0204370230203494e-05 -1.932912527990993e-05 -1.5317253200919367e-05 -1.6454863725812174e-05 -2.603123903099913e-06 
-0.02975231409072876 -0.011260212399065495 -0.010742905549705029 -0.029539769515395164 -0.06318297237157822 -0.05658445879817009 -0.006663847249001265 -0.018952636048197746 -0.016601277515292168 
0.021658478304743767 -0.05503988265991211 -0.025720464065670967 -0.04359690099954605 -0.08742139488458633 -0.021707501262426376 0.01604435034096241 0.02819724939763546 0.09041554480791092 
-0.001425175229087472 0.026383591815829277 0.008149467408657074 -0.03060891106724739 -0.0006557674496434629 0.015587728470563889 -0.026492420583963394 -0.012141368351876736 -0.006453752052038908 
-0.024442210793495178 0.059654559940099716 0.014033484272658825 -0.02454599179327488 0.04112215340137482 -0.021889379248023033 -0.07152747362852097 -0.09933510422706604 -0.12952874600887299 
0.058027274906635284 -0.024007845669984818 -0.030002685263752937 -0.03274398297071457 -0.12776769697666168 -0.1014031171798706 0.02177097462117672 0.006790887098759413 0.047531671822071075 
-0.016458582133054733 -0.022632496431469917 -0.005316866561770439 -0.0031416132114827633 -0.01328214816749096 0.011778604239225388 0.02579561062157154 0.02002827823162079 0.0077376351691782475 
0.0003666106495074928 0.00043194994213990867 -0.00018640290363691747 2.8792439479730092e-05 0.00032134997309185565 1.0524573781367508e-06 -0.0002190491941291839 0.00012741354294121265 -1.9057915778830647e-05 
-0.043016061186790466 0.06596630811691284 0.01178013812750578 -0.04859797656536102 0.08114811778068542 -0.007391589228063822 -0.009199247695505619 0.030840348452329636 0.028463469818234444 
0.005199441220611334 -0.048906806856393814 -0.015611892566084862 0.007991831749677658 -0.002811468206346035 0.03284955769777298 0.009466740302741528 -0.026226185262203217 -0.0227405596524477 
0.009172293357551098 -0.013263399712741375 0.01880706287920475 0.10739393532276154 -0.08804414421319962 0.0013818568550050259 -0.0022442417684942484 -0.045112259685993195 -0.02751394361257553 
0.011566485278308392 0.035656243562698364 -0.007171974051743746 0.025309884920716286 0.03612416982650757 -0.012890194542706013 0.031894948333501816 0.024483421817421913 0.0005275810253806412 
-0.07401145994663239 -0.06389209628105164 0.004190445877611637 -0.06548497080802917 -0.06620638817548752 0.02356649935245514 -0.0059115164913237095 0.024941321462392807 0.08464717119932175 
-0.008897806517779827 -0.006153650116175413 0.047307197004556656 -0.0035823145881295204 0.01844385266304016 0.08086181432008743 0.03784722089767456 0.05519003048539162 0.08310391753911972 
0.09670843183994293 0.030140502378344536 -0.03224369138479233 0.04497247189283371 -0.009420500136911869 -0.06258605420589447 -0.011043259873986244 -3.411209036130458e-05 -0.03487948700785637 
-0.014818898402154446 -0.019809970632195473 -0.03999852016568184 0.02864929474890232 0.007396253757178783 -0.020357739180326462 0.028705241158604622 -0.006995736621320248 -0.017529180273413658 
1.9037144738831557e-05 -8.696949407749344e-06 -1.370663994748611e-05 1.4886565622873604e-05 -5.862830221303739e-06 -1.351431001239689e-05 1.7699732779874466e-05 -1.4588486010325141e-05 1.0819940143846907e-05 
0.053062692284584045 -0.0016887618694454432 -0.021732818335294724 0.07710546255111694 -0.03556375205516815 -0.040692657232284546 0.048300355672836304 -0.047542814165353775 -0.03872644901275635 
0.024426624178886414 -0.0017700414173305035 -0.008267628028988838 0.003907744772732258 0.0016272807260975242 -0.02009514532983303 0.02150871604681015 -0.006476414855569601 -0.03331976756453514 
-0.06993724405765533 -0.07177993655204773 -0.057898879051208496 -0.12787722051143646 -0.07770280539989471 -0.013330920599400997 -0.11380378156900406 -0.057536687701940536 0.007910733111202717 
-0.025187820196151733 -0.03212827816605568 -0.022291967645287514 -0.019925031810998917 -0.02771533839404583 -0.02362040802836418 0.017261164262890816 -0.001210383023135364 -0.001730995369143784 
0.020461924374103546 -0.022816693410277367 -0.0011675998102873564 -0.01777130551636219 -0.05600282549858093 -0.04077768325805664 -0.019581321626901627 -0.06526226550340652 -0.051704950630664825 
-0.01707310788333416 -0.02269504778087139 0.0033861238043755293 0.01317063719034195 -0.009792414493858814 -0.024389183148741722 0.03448225185275078 0.0017480262322351336 -0.013315706513822079 
4.4010463170707226e-05 9.857756231212988e-05 0.00012596658780239522 -0.0004541373054962605 5.62372115382459e-05 0.0007524758111685514 -0.00044774633715860546 -6.120090984040871e-05 0.001320821000263095 
-0.06699804961681366 -0.05798795819282532 0.14094601571559906 -0.09442448616027832 -0.04303070157766342 0.031138136982917786 -0.023769600316882133 -0.02920190803706646 -0.08688677102327347 
0.00885054375976324 -0.042330484837293625 -0.06839101761579514 -0.005010039545595646 -0.046112895011901855 -0.018015481531620026 0.015697259455919266 0.010570550337433815 -0.026806676760315895 
-0.05299829691648483 -0.03905656933784485 0.1284187138080597 0.00017152221698779613 0.020671522244811058 -0.09735167771577835 0.022534731775522232 -0.1559416651725769 0.09180944412946701 
-0.016180647537112236 -0.005604120437055826 -0.005891096778213978 -0.06092439591884613 0.03367616981267929 -0.006276330444961786 -0.0474020317196846 -0.00414759898558259 -0.05474739894270897 
0.10143458098173141 -0.06692466139793396 -0.25408491492271423 0.204025998711586 -0.017650578171014786 -0.2580740749835968 0.16608478128910065 -0.002580703468993306 -0.09079218655824661 
0.05662941187620163 -0.1077810525894165 -0.17001378536224365 0.05227616801857948 -0.07167397439479828 -0.12707224488258362 0.13621900975704193 0.10134786367416382 0.043346330523490906 
-0.0021396244410425425 0.17503292858600616 0.07061151415109634 -0.10957280546426773 -0.046680208295583725 0.08652277290821075 -0.18988656997680664 -0.15020041167736053 0.011715698055922985 
0.006816485896706581 -0.0722518116235733 -0.0045989565551280975 -0.00021760228264611214 -0.03473041579127312 -0.018107367679476738 0.036944154649972916 -0.011487948708236217 -0.004649783950299025 
1.960961708391551e-05 -6.429373570426833e-06 -1.744388646329753e-05 1.9498573237797245e-05 -1.532656096969731e-05 6.987349934206577e-07 1.0104831744683906e-05 -1.7057011064025573e-05 1.2710765076917596e-05 
-0.0483267568051815 0.07202061265707016 0.08562376350164413 -0.06890507787466049 -0.029740428552031517 0.04139431565999985 -0.14528322219848633 -0.08318533003330231 0.035380586981773376 
-0.0289626307785511 -0.0637788400053978 -0.050267573446035385 -0.08731736987829208 -0.027758676558732986 -0.01881316863000393 0.01943518966436386 0.05711846053600311 -0.04535744711756706 
0.05720148980617523 -0.03311026841402054 -0.017095716670155525 -0.05606953054666519 -0.0921681597828865 -0.02034568041563034 -0.007532830350100994 -0.022511016577482224 0.039708249270915985 
-0.028728684410452843 -0.0657840371131897 -0.05851823464035988 0.023086242377758026 -0.0731869637966156 -0.11004812270402908 0.05340605974197388 0.04226424917578697 -0.003010190324857831 
0.035994816571474075 -0.02581166848540306 -0.048474449664354324 -0.0018597157904878259 -0.03236483037471771 -0.02402317337691784 0.05966319516301155 0.037847358733415604 -0.04642515257000923 
0.014685663394629955 0.039568979293107986 0.024202750995755196 -0.034649286419153214 -0.03151693567633629 -0.012772025540471077 -0.02203241176903248 -0.03832486644387245 -0.010431419126689434 
0.001043478143401444 0.0003359361144248396 -0.000601921055931598 0.0005209491937421262 0.00042480314732529223 -0.0005072580534033477 -4.731454828288406e-05 0.0005544656305573881 -3.660145739559084e-05 
-0.059096500277519226 -0.04778188839554787 0.05455729737877846 0.01618066430091858 -0.10589095950126648 -0.008814362809062004 0.04405442625284195 -0.0826144739985466 -0.03898375481367111 
-0.0019842858891934156 -0.01912291720509529 0.03690269961953163 -0.01091075874865055 0.019028369337320328 0.02914755418896675 -0.0344134122133255 -0.042505569756031036 -0.006422179285436869 
0.048995453864336014 -0.07445812970399857 0.03996932506561279 -0.0003195097087882459 -0.09647433459758759 -0.0031044327188283205 -0.026018129661679268 0.05221966654062271 0.002372428309172392 
-0.04956412315368652 -0.013018517754971981 -0.05890754982829094 -0.006946070585399866 -0.01958095096051693 -0.05463278293609619 0.01544378325343132 -0.027091890573501587 -0.03983219712972641 
-0.09332127124071121 0.07349517941474915 0.24638055264949799 -0.27316680550575256 -0.08735685795545578 0.1565171629190445 -0.21854418516159058 -0.06361798197031021 0.07450997829437256 
-0.07870163768529892 -0.1008576974272728 -0.03203275799751282 -0.07534901797771454 -0.037276122719049454 0.01340673491358757 0.019330734387040138 0.02739688940346241 0.01658155396580696 
0.02811797894537449 0.06365987658500671 -0.04172089695930481 -0.044671058654785156 -0.1398545354604721 -0.15634799003601074 0.09519033879041672 -0.04222710058093071 -0.03530105948448181 
-0.01602894626557827 0.02485649101436138 -0.047423042356967926 -0.013819227926433086 0.0019502043724060059 -0.054741840809583664 -0.06249025836586952 -0.025580883026123047 -0.007189127616584301 
8.028170668694656e-06 4.651345534512075e-06 1.0336593732063193e-05 -8.72497730597388e-06 -3.4895201679319143e-06 2.6018364224000834e-05 -1.984795198950451e-05 7.505001917706977e-07 1.6525942555745132e-05 
0.011223312467336655 -0.06591229885816574 -0.041584670543670654 -0.0029003252275288105 -0.058827415108680725 -0.041546840220689774 0.048105377703905106 0.02608225867152214 0.0036144277546554804 
-0.04080258682370186 -0.004217975772917271 -0.08678170293569565 -0.015105203725397587 -0.01663993112742901 -0.0852239727973938 0.014254395850002766 -0.05279572308063507 -0.01995035819709301 
-0.03687025234103203 -0.010050920769572258 0.012277633883059025 -0.024350738152861595 -0.010313945822417736 0.02309587225317955 0.010226727463304996 -0.0073144868947565556 0.011476811021566391 
-0.026646334677934647 -0.10171154141426086 -0.10935048758983612 -0.037902701646089554 -0.07645832747220993 -0.04400188848376274 0.031212346628308296 0.054338257759809494 0.07230865210294724 
0.04662815108895302 0.06797832250595093 0.07859963178634644 -0.031112875789403915 0.03786483034491539 0.0694691464304924 -0.07631850242614746 -0.046300385147333145 0.08000621199607849 
-0.05252954736351967 -0.06176646426320076 0.000782914983574301 0.05152345076203346 0.052534252405166626 0.07271368056535721 -0.0073295095935463905 0.02152092568576336 -0.005636054091155529 
-0.0002621404128149152 0.0011811743024736643 0.0002807994605973363 -0.00010312943049939349 0.0010282195871695876 0.0001296576374443248 -0.0005144512979313731 0.0007490385323762894 0.00020756790763698518 
-0.03853429853916168 0.016822000965476036 -0.014010808430612087 -0.015379860065877438 0.019732637330889702 -0.05944908782839775 0.015913594514131546 0.10503116995096207 -0.04506320133805275 
-0.02276529185473919 0.007085505872964859 -0.03538524731993675 0.05962742120027542 0.0525650791823864 0.06610693782567978 -0.020141223445534706 -0.047543078660964966 0.015229151584208012 
0.060961995273828506 0.043152522295713425 0.01645532250404358 -0.05549333617091179 -0.058896444737911224 -0.027595002204179764 0.034061726182699203 -0.02194713056087494 0.06962551921606064 
-0.038530442863702774 0.034862931817770004 -0.006904538720846176 0.006074397824704647 0.06227518245577812 0.0010671571362763643 -0.05184069275856018 0.026828983798623085 -0.08629711717367172 
0.03591415658593178 -0.02928522229194641 0.019171159714460373 0.007408681325614452 -0.008675509132444859 0.0234465841203928 -0.01575622521340847 -0.023017501458525658 0.014614157378673553 
-0.0004593543126247823 0.01631980761885643 -0.01638912223279476 0.02061075158417225 0.03131404519081116 0.0218316912651062 -0.043720658868551254 -0.015878720209002495 -0.004671069793403149 
-0.06089305877685547 -0.027505403384566307 -0.06476853042840958 -0.012660171836614609 0.03905690461397171 0.031093576923012733 0.025376925244927406 0.031903576105833054 0.044574301689863205 
0.0060030086897313595 0.08760141581296921 -0.028303975239396095 -0.03200117498636246 0.06399019807577133 0.013307045213878155 -0.0012513590045273304 0.022508099675178528 -0.03157983720302582 
-3.878794814227149e-06 -1.984482878469862e-05 3.7547535612247884e-05 1.7631407899898477e-05 3.880621989083011e-06 9.917431270878296e-06 6.479730473074596e-06 -1.2938659892824944e-05 3.2692500099074095e-05 
0.023075729608535767 0.025096064433455467 0.019123762845993042 0.0482555516064167 0.07861607521772385 0.03418193757534027 0.02021305076777935 0.054883282631635666 0.011367816478013992 
-0.019891388714313507 0.17800922691822052 -0.029342545196413994 0.13904106616973877 0.1982487142086029 0.14210617542266846 0.017311718314886093 0.16647644340991974 -0.017185652628540993 
-0.061219073832035065 0.061421949416399 -0.0030470408964902163 0.0471070297062397 0.061987899243831635 -0.04479249566793442 -0.022755395621061325 0.04538407176733017 -0.013638160191476345 
-0.012332599610090256 -0.006131633650511503 0.025387858971953392 -0.024344243109226227 -0.007743046618998051 -0.01551456842571497 -0.012673871591687202 -0.010419752448797226 -0.03251484036445618 
-0.08107015490531921 0.06605856120586395 -0.08348112553358078 0.09068212658166885 0.18733754754066467 0.11206500977277756 -0.04484220966696739 0.07827349752187729 -0.08646110445261002 
0.027095751836895943 0.009893964976072311 0.003801357699558139 0.027643462643027306 0.03415748476982117 0.02541148103773594 0.009543552063405514 0.028468959033489227 0.019669055938720703 
0.0004315672267694026 -0.00027152898837812245 -0.0006969673559069633 0.00023763641365803778 -0.0002482111449353397 -0.000442552991444245 1.9911503841285594e-05 5.135022729518823e-05 0.0002470446052029729 
-0.04531801491975784 -0.04610051214694977 0.0633411854505539 -0.027543306350708008 0.0197262205183506 -0.01740272343158722 0.013131917454302311 0.06448721140623093 -0.025806119665503502 
-0.03277527540922165 -0.006483103148639202 -0.0029901510570198298 -0.027639133855700493 0.019970281049609184 0.009856769815087318 -0.008451219648122787 -0.013430647552013397 -0.046492550522089005 
-0.08530155569314957 0.057774532586336136 0.005256646312773228 0.04095226153731346 0.037988197058439255 0.020927462726831436 0.06097858026623726 -0.009848230518400669 0.01674724370241165 
-0.01990455389022827 0.009221360087394714 -0.018282096832990646 -0.029463669285178185 0.003413888392969966 -0.017671795561909676 -0.01482446026057005 0.014219710603356361 -0.010044261813163757 
0.07540351897478104 0.09394331276416779 0.048621103167533875 -0.04680619016289711 -0.06909015774726868 -0.0684981718659401 -0.09931322932243347 -0.12662675976753235 -0.08274433761835098 
0.004331003408879042 -0.04003415256738663 -0.056836649775505066 0.017879141494631767 -0.010392490774393082 -0.02099926769733429 0.036035627126693726 0.026518752798438072 0.0063967015594244 
-0.058520834892988205 -0.05747852101922035 -0.027299612760543823 -0.1531720608472824 -0.20154084265232086 -0.12060465663671494 -0.02175970748066902 -0.02777015045285225 0.02992524579167366 
0.021776210516691208 -0.0035144309513270855 -0.004169614054262638 0.004403889644891024 -0.010396912693977356 -0.009962810203433037 0.010392127558588982 0.010594450868666172 -0.0011192340170964599 
-8.578923370805569e-06 -4.95056019644835e-06 5.4999915732878435e-08 1.0271287465002388e-05 2.16974831346306e-06 5.399147084972356e-07 -4.723713573184796e-06 -3.278488065916463e-06 -5.022542154620169e-06 
-0.06523346155881882 -0.0025344272144138813 -0.032220691442489624 -0.03585778549313545 0.006978691089898348 -0.005390054080635309 0.0020753126591444016 0.022781094536185265 0.02269015833735466 
-0.022825520485639572 -0.026783689856529236 -0.01539981085807085 -0.024931997060775757 -0.03037395514547825 -0.012715047225356102 -0.011892862617969513 0.029832016676664352 0.016769466921687126 
0.060325294733047485 -0.03787026181817055 -0.016476593911647797 0.038342706859111786 -0.024465806782245636 -0.007739799562841654 0.02360285259783268 0.006186430808156729 0.053004149347543716 
-0.10158256441354752 -0.08388975262641907 -0.08960631489753723 -0.006599083077162504 0.030599549412727356 -0.0007079802453517914 0.029176371172070503 0.07335861027240753 0.02712242491543293 
0.08337832242250443 0.08289128541946411 0.08254241198301315 -0.01789175719022751 -0.0239593293517828 -0.023101989179849625 -0.0522325299680233 -0.029489656910300255 -0.06609567254781723 
0.030483614653348923 0.05478612706065178 -0.011139724403619766 0.0188586488366127 0.04915023595094681 0.013404338620603085 -0.023474697023630142 0.03717659041285515 0.04772593080997467 
-0.0011826386908069253 0.0004343580803833902 0.0004698164702858776 -0.0007357910508289933 0.0005336100584827363 0.0006356255616992712 -0.0008095698431134224 0.000475174660095945 0.0002338235208299011 
0.0743962824344635 -0.15144731104373932 0.029520660638809204 0.1540798842906952 -0.18958686292171478 0.1333678811788559 0.013519116677343845 0.03228846564888954 -0.01598951779305935 
-0.037028130143880844 0.117528036236763 -0.0029198925476521254 -0.0063743749633431435 -0.027785250917077065 -0.05062748119235039 -0.07453224062919617 -0.004129813052713871 0.025318436324596405 
0.009728406555950642 -0.10089350491762161 0.022174090147018433 -0.32311925292015076 0.3077431321144104 -0.14103366434574127 0.13370701670646667 -0.165007084608078 -0.013704129494726658 
-0.0064821066334843636 -0.04041789099574089 0.031010553240776062 -0.029277537018060684 -0.007872156798839569 0.06542685627937317 -0.050601776689291 -0.034623224288225174 0.009492700919508934 
-0.03445230424404144 -0.0013405410572886467 0.039256803691387177 -0.11413532495498657 0.06942324340343475 0.004166048020124435 -0.03261015564203262 -0.046586230397224426 0.027050206437706947 
0.027716178447008133 0.048435430973768234 -0.04868490993976593 0.09625066816806793 0.08291684836149216 -0.06191038712859154 -0.035335201770067215 -0.016985073685646057 -0.051885031163692474 
-0.16315677762031555 0.046102169901132584 0.10319574177265167 0.0028546599205583334 -0.037216585129499435 0.0433017760515213 0.14093992114067078 -0.0042184628546237946 -0.05617227777838707 
-0.009408178739249706 -0.11140010505914688 0.01296838279813528 -0.07402503490447998 -0.07406555861234665 0.05868706479668617 -0.10133860260248184 0.007259535137563944 0.034302812069654465 
-1.4054235180083197e-05 2.3258851797436364e-05 -2.9900997105869465e-05 1.5009843991720118e-05 3.6180248571326956e-05 -2.832135396602098e-05 2.093004331982229e-05 3.573557114577852e-05 -2.2757592887501232e-05 
-0.054780200123786926 -0.02372267283499241 0.001148620736785233 -0.07790576666593552 0.027181802317500114 0.009618460200726986 -0.0018114749109372497 0.03681120648980141 -0.030626380816102028 
0.04204739257693291 -0.02600027807056904 0.026063112542033195 0.021097568795084953 -0.15695883333683014 -0.09055329114198685 0.0029940959066152573 0.028899716213345528 -0.016017016023397446 
0.013848348520696163 -0.0027140311431139708 -0.02326297201216221 0.19878222048282623 -0.036550916731357574 -0.04450053349137306 0.02661329321563244 -0.0880354717373848 -0.00601131422445178 
0.03884328901767731 0.008144925348460674 -0.106253482401371 0.04898936673998833 0.05006728693842888 -0.022489886730909348 0.001296012895181775 0.051087502390146255 -0.05859461426734924 
-0.09601232409477234 -0.008804433979094028 0.034539710730314255 -0.036941323429346085 -0.16957655549049377 0.035301681607961655 -0.042338594794273376 -0.029577724635601044 0.08315892517566681 
-0.090494804084301 -0.039102666079998016 0.022215137258172035 -0.062028318643569946 -0.07363097369670868 0.01441785879433155 -0.002993006957694888 -0.08132941275835037 -0.07124607264995575 
-0.0006633838638663292 -0.00045176586718298495 -0.0009537687292322516 -0.0007958663627505302 -0.0003784791915677488 -0.0003748472372535616 -0.0005505017470568419 -0.0005742895300500095 -0.000589580275118351 
-0.03568750619888306 0.09584859758615494 -0.013897211290895939 -0.08213893324136734 0.060084570199251175 -0.017149116843938828 0.03202967345714569 -0.0021812780760228634 0.06394755095243454 
0.10750129818916321 -0.025941431522369385 -0.03706054762005806 -0.05047386512160301 -0.007679956965148449 0.029864836484193802 -0.06474141031503677 0.00494435615837574 0.03097505494952202 
-0.007802235893905163 -0.13557854294776917 0.08257444947957993 0.3198559284210205 -0.19190949201583862 -0.09683503210544586 -0.0611998476088047 0.012087399140000343 0.061722930520772934 
-0.06425010412931442 0.06284034997224808 0.03027777560055256 -0.05203637108206749 0.05089321732521057 0.05693467706441879 -0.04004941135644913 -0.036535464227199554 -0.04241190850734711 
0.0014409079449251294 -0.02048822119832039 -0.002184733748435974 0.08978158980607986 -0.05429515242576599 -0.07409942895174026 0.06625982373952866 0.015055271796882153 -0.05334128439426422 
0.007541388738900423 -0.02843364328145981 -0.039918068796396255 -0.01921006664633751 -0.04433288425207138 -0.019299419596791267 0.007341592572629452 -0.007511543575674295 0.0020288380328565836 
-0.04296867176890373 -0.05348874256014824 0.026313237845897675 -0.06016288697719574 0.02938021905720234 0.030667733401060104 -0.014512177556753159 0.053143229335546494 -0.02238498441874981 
-0.06438695639371872 -0.04363366588950157 -0.06898604333400726 0.007849658839404583 0.07003417611122131 -0.01720634289085865 -0.04061364009976387 -0.041322898119688034 -0.03891218826174736 
9.927714927471243e-06 -3.1830993975745514e-05 -9.015949217427988e-06 1.6710493582650088e-05 -6.946042958588805e-06 -1.104238435800653e-05 2.051901537925005e-05 -1.81945288204588e-05 -5.40338021437492e-07 
0.02121809311211109 -0.0696466714143753 0.0077422731555998325 0.09953735768795013 -0.10861974954605103 -0.09800790995359421 0.0669979602098465 -0.028627246618270874 -0.005963089410215616 
-0.054513487964868546 0.021624047309160233 -0.025678452104330063 -0.1440778225660324 0.06855913996696472 0.07376515865325928 -0.01642177812755108 0.05152519792318344 0.07206785678863525 
-0.1767573356628418 -0.024613087996840477 -0.010442235507071018 -0.2817588746547699 -0.14895224571228027 0.005892117507755756 -0.12950174510478973 -0.11150982975959778 -0.04206683859229088 
0.001954536186531186 -0.011273826472461224 0.00707351416349411 0.06314073503017426 -0.016089214012026787 -0.02229645848274231 0.09727369248867035 -0.008344622328877449 0.013539683073759079 
-0.0030641306657344103 0.039009734988212585 0.025881770998239517 -0.12663185596466064 0.06419443339109421 0.07508261501789093 -0.08138338476419449 0.01891983300447464 0.0518622063100338 
0.0013715805253013968 0.024907704442739487 -0.012812083587050438 -0.029653936624526978 0.016240760684013367 0.02157171256840229 -0.17273737490177155 -0.1650448888540268 -0.14121326804161072 
-0.00016468431567773223 -8.26980613055639e-06 -0.0005141831934452057 0.0005789895658381283 0.0009797672973945737 -0.0002338509657420218 0.00046799491974525154 0.00017513187776785344 -0.00017070262401830405 
0.009954393841326237 0.050605855882167816 -0.062423866242170334 -0.040926117449998856 0.06260282546281815 -0.02751217596232891 0.05503339692950249 -0.023898126557469368 0.10678399354219437 
-0.07212571799755096 -0.14276576042175293 -0.09037583321332932 0.04352670907974243 0.07012182474136353 -0.010540520772337914 0.057183146476745605 0.019579391926527023 0.04493951424956322 
-0.0008988436893559992 0.20990030467510223 0.04186035320162773 0.013331838883459568 -0.4560401439666748 0.0020721403416246176 -0.012505767866969109 0.3144921660423279 -0.04049772024154663 
-0.01907084695994854 0.03512394428253174 -0.06152711436152458 0.027083642780780792 0.020103806629776955 0.010361282154917717 0.022534571588039398 -0.04801538214087486 0.020805977284908295 
-0.036948733031749725 0.0023804812226444483 0.10863444954156876 -0.040230438113212585 -0.09786052256822586 0.03719693794846535 0.01722579263150692 0.021104849874973297 0.011492316611111164 
-0.015862319618463516 -0.027146203443408012 -0.009638769552111626 -0.012548571452498436 -0.0048497701063752174 -0.00048267413512803614 0.045059848576784134 0.021806692704558372 -0.027705218642950058 
-0.020222509279847145 -0.14712318778038025 0.04253189638257027 0.05197696387767792 0.08771788328886032 0.02664603292942047 -0.004933529999107122 -0.024877231568098068 -0.016771990805864334 
0.011393374763429165 0.07710708677768707 0.015750089660286903 -0.03890758380293846 0.06954090297222137 0.005586948711425066 -0.007203071843832731 0.03739912062883377 0.017160948365926743 
-2.265388502564747e-05 -8.616893865109887e-06 3.4456056710041594e-06 -4.813568466488505e-06 1.987301175176981e-06 1.0525673133088276e-05 -6.87660212861374e-06 1.0537346497585531e-05 6.8330868998600636e-06 
0.04462651535868645 0.02337714470922947 -0.007899806834757328 -0.06991244107484818 -0.10195136070251465 -0.08015435934066772 0.07358460873365402 0.028162667527794838 0.020131321623921394 
0.023612337186932564 0.0092579685151577 -0.01415923424065113 0.03712571784853935 0.06018732115626335 -0.07379971444606781 -0.03719586879014969 -0.15277673304080963 -0.039210543036460876 
0.002506289863958955 -0.00264834426343441 0.04268772900104523 -0.03392881900072098 0.031867578625679016 0.022477932274341583 0.04176495224237442 -0.012521643191576004 0.03470030426979065 
0.06979070603847504 0.05863485112786293 -0.014959904365241528 -0.05187905579805374 -0.05542342737317085 -0.050432682037353516 0.0029270490631461143 -0.024685099720954895 0.0034257974475622177 
-0.04219866916537285 -0.08811676502227783 -9.534816854284145e-06 -0.040017951279878616 0.07781970500946045 -0.03494953364133835 -0.03164195641875267 -0.056118663400411606 0.028101345524191856 
0.021825598552823067 0.007424505427479744 -0.009416362270712852 0.017659805715084076 -0.021219270303845406 -0.052132509648799896 0.031094219535589218 -0.0320863239467144 -0.07073696702718735 
-0.0003646127297542989 -0.0007144280825741589 0.0004870301636401564 -0.00036819244269281626 -0.000981393619440496 -8.578557026339695e-05 -0.0009015934192575514 -0.0007349905790761113 -0.00022031650587450713 
-0.03609145060181618 -0.022755395621061325 0.02151336520910263 0.03988482058048248 -0.02979133650660515 0.13531924784183502 0.04356362298130989 -0.042418599128723145 0.05263686180114746 
0.041593652218580246 0.01641744375228882 -0.053926821798086166 -0.03749429062008858 -0.03759467229247093 -0.015048605389893055 0.050155214965343475 0.01852223463356495 0.013031317852437496 
-0.04224512726068497 -0.012457258999347687 0.011336197145283222 0.0002572040248196572 0.21630430221557617 -0.032406989485025406 -0.12613843381404877 0.09812365472316742 0.045370057225227356 
-0.0037281496915966272 -0.03619460016489029 -0.026531171053647995 0.03132146969437599 -0.019120804965496063 -0.03253660723567009 0.036243319511413574 0.02565108984708786 0.004938382655382156 
0.25998541712760925 0.22755686938762665 0.053730763494968414 0.12914693355560303 0.07444882392883301 -0.1636856198310852 -0.1449708342552185 -0.18391497433185577 -0.2430558204650879 
0.07672863453626633 0.0644209012389183 0.0514037050306797 -0.05296969786286354 -0.06006230041384697 -0.003391413250938058 -0.05435686558485031 -0.07554242759943008 -0.01948516070842743 
-0.00939220655709505 -0.004138501826673746 -0.09486857056617737 0.02652578614652157 0.07671572268009186 -0.06192484498023987 -0.11229507625102997 0.02707040309906006 0.08373303711414337 
0.02928394079208374 -0.0032285493798553944 0.03352148458361626 0.04829322546720505 -0.05557869374752045 -0.015458275564014912 0.03278985619544983 -0.1116553544998169 -0.09419620782136917 
1.329534461547155e-05 3.151263445033692e-05 -1.515694475529017e-05 -2.2220994651434012e-05 5.9881331253563985e-06 -9.169481018034276e-06 -2.2565960534848273e-05 1.6385785784223117e-05 -3.3013554912031395e-06 
-0.07028011977672577 -0.10759231448173523 -0.06308282911777496 -0.02085501328110695 -0.02876351960003376 -0.04177355393767357 0.017886249348521233 0.10750996321439743 0.10589177161455154 
-0.03197532519698143 0.005759018938988447 -0.00013841665349900723 -0.11172552406787872 -0.09168790280818939 0.0017048652516677976 -0.05656362324953079 -0.04280099272727966 -0.013070776127278805 
0.003234654199331999 -0.04155019298195839 0.0683082714676857 -0.01177328359335661 -0.0842990130186081 0.0069693149998784065 0.024191444739699364 -0.061061300337314606 -0.05092713236808777 
-0.09776731580495834 -0.024582918733358383 0.04539908841252327 -0.0692712664604187 -0.04125529155135155 0.03253820911049843 -0.022006604820489883 -0.022010892629623413 0.0064819990657269955 
0.06965652108192444 0.12137807160615921 -0.0026007655542343855 0.022125335410237312 -0.02295559085905552 -0.08717980980873108 0.03288114815950394 -0.09551720321178436 -0.13227948546409607 
-0.05879174545407295 -0.04692508652806282 -0.0515567809343338 0.056108564138412476 0.08696437627077103 0.02842528186738491 0.06595966964960098 0.11006046086549759 0.07097551226615906 
0.00016076231258921325 -0.0004272364894859493 -0.0006232038722373545 0.00036415562499314547 -0.00037291963235475123 -0.00030958245042711496 0.00033435423392802477 0.00021206765086390078 0.00036040236591361463 
-0.03607857599854469 -0.09316796064376831 0.02979489415884018 -0.0007049273117445409 -0.014031540602445602 0.05615824833512306 -0.022760966792702675 0.017018193379044533 0.014677820727229118 
-0.01991903781890869 -0.008807037025690079 -0.02607850916683674 -0.16305428743362427 -0.21949900686740875 -0.17205539345741272 -0.039963968098163605 -0.08518961817026138 -0.06336020678281784 
-0.0061980197206139565 0.12054479122161865 -0.04911855235695839 0.0007321031298488379 0.1497560292482376 0.0724877193570137 -0.08115409314632416 -0.1016395166516304 -0.04882284626364708 
0.0377846322953701 0.008674166165292263 0.00560511089861393 0.03453342244029045 0.032483186572790146 -0.019985321909189224 -0.012168793939054012 0.008323992602527142 -0.03700047731399536 
0.04609803110361099 0.10641614347696304 0.047701481729745865 0.012264261953532696 0.044006988406181335 0.01945541985332966 -0.07855124771595001 -0.09470120072364807 -0.03579675033688545 
0.009069893509149551 0.001514635281637311 -0.0037379274144768715 -0.045125383883714676 -0.06718108057975769 -0.04066779837012291 -0.048056669533252716 -0.049505650997161865 -0.017075344920158386 
-0.02522404119372368 0.015636511147022247 -0.06302493810653687 0.004083836916834116 -0.013357105664908886 -0.023336093872785568 -0.015107584185898304 -0.02488112822175026 0.020258013159036636 
-0.06404045969247818 -0.020170556381344795 0.04414946958422661 -0.014001516625285149 -0.008817355148494244 0.021587055176496506 0.04406742379069328 0.006584093905985355 -0.030173135921359062 
9.591977686795872e-06 -5.429614247987047e-06 -1.991837052628398e-05 -6.921000931470189e-06 -1.5830020856810734e-05 -3.7492096453206614e-05 -7.148115855670767e-06 -1.8787131921271794e-05 -2.397542994003743e-05 
0.027855804190039635 0.07167143374681473 -0.014981986954808235 0.009313233196735382 0.04089386761188507 -0.022383881732821465 -0.10508235543966293 -0.10039735585451126 -0.11375898122787476 
-0.07050228863954544 -0.11228115856647491 -0.05142536386847496 -0.022062720730900764 -0.06432528793811798 -0.006642002146691084 0.043339554220438004 0.08307008445262909 0.03740983083844185 
0.09248461574316025 -0.04361928999423981 -0.06321349740028381 0.01325455866754055 -0.09398176521062851 -0.060444530099630356 -0.052349384874105453 -0.04357662796974182 0.015336161479353905 
0.04009484872221947 0.03560309484601021 0.025364039465785027 0.054875802248716354 0.05086110904812813 0.0032589237671345472 -0.04760309308767319 -0.034645166248083115 -0.06289917975664139 
-0.0472860224545002 -0.07029678672552109 -0.042012352496385574 0.0053084115497767925 -0.049967311322689056 -0.004952275659888983 0.034105557948350906 0.06187758222222328 0.05828990787267685 
0.013416026718914509 0.028023239225149155 0.02328057773411274 -0.045594219118356705 -0.023328306153416634 -0.015386850573122501 -0.007896908558905125 -0.002290167612954974 0.004038338549435139 
-0.00032855907920747995 -0.00010359525913372636 -0.00012795382644981146 0.000131741093355231 0.00010505910177016631 -7.648422615602612e-05 0.0002444788406137377 0.00014859165821690112 -7.10678577888757e-05 
0.026708221063017845 0.006939955521374941 -0.05833641067147255 0.0007091715815477073 -0.03692931681871414 -0.015247136354446411 -0.005722586531192064 -0.0463423877954483 0.036063116043806076 
0.0758189782500267 0.09280513972043991 0.0820736214518547 0.10558058321475983 0.1240544244647026 0.09331086277961731 -0.03792480379343033 -0.045062627643346786 -0.06894981116056442 
-0.0640125721693039 -0.08980457484722137 -0.054124463349580765 0.07675323635339737 0.0791742205619812 0.094818115234375 -0.04425529018044472 0.06585762649774551 -0.055791374295949936 
-0.011139831505715847 0.005346363876014948 0.003585579339414835 -0.011222043074667454 0.012855259701609612 -0.00996584352105856 -0.004346024245023727 0.0192237738519907 -0.0059220436960458755 
-0.021971076726913452 -0.02653290331363678 -0.03963449224829674 -0.015356311574578285 0.006088994909077883 -0.008949904702603817 0.033584509044885635 0.0810483917593956 0.03391488268971443 
-0.03374163806438446 -0.010729202069342136 -0.022672099992632866 0.010529384948313236 0.017993923276662827 -0.006784431636333466 0.006292175501585007 -0.006583683658391237 -0.0203159861266613 
-0.032489899545907974 -0.01396089792251587 0.00803394615650177 -0.08502167463302612 -0.006299005355685949 0.008937844075262547 0.028855327516794205 0.07977166026830673 0.06270530819892883 
-0.004374663345515728 -0.0016995930345728993 -0.03619943931698799 -0.018679408356547356 -0.019157100468873978 -0.030644426122307777 -0.020099351182579994 -0.012459838762879372 -0.0014890263555571437 
-1.9570366930565797e-05 -1.7831471268436871e-06 -4.399274530442199e-06 4.684484792960575e-06 -1.9734090528800152e-05 2.755069544946309e-06 -4.836982498090947e-06 3.255078354413854e-06 -1.6777368383458224e-09 
-0.04749005287885666 -0.06659802794456482 -0.04334874451160431 0.02636299654841423 0.04468975588679314 0.04263973981142044 -0.0035927642602473497 0.023639429360628128 -0.01253356970846653 
-0.04454793408513069 -0.02774883434176445 -0.010724775493144989 -0.03785870224237442 -0.0011801933869719505 -0.005989354569464922 0.007794598117470741 0.03431764617562294 0.01915084943175316 
-0.029224848374724388 0.04713623225688934 -0.0109359510242939 0.006078078877180815 0.03551821783185005 -0.033829450607299805 0.02374265529215336 -0.0116685526445508 -0.04830419644713402 
-0.05104369297623634 -0.04682162031531334 -0.047359783202409744 0.03876132518053055 0.032268717885017395 0.02894771285355091 0.05847875028848648 0.05277093127369881 0.032957810908555984 
0.01029202714562416 0.013943118043243885 0.02923542447388172 -0.021689914166927338 -0.004301225766539574 -0.012364561669528484 0.022967854514718056 0.037575818598270416 0.025390107184648514 
-0.013505397364497185 -0.046031661331653595 -0.01052978727966547 -0.02085159718990326 -0.051493313163518906 -0.022194497287273407 0.07942505180835724 0.046952709555625916 0.010848856531083584 
-0.00018454187375027686 0.00013969650899525732 -0.00018509640358388424 -0.0007635859656147659 -0.0008533144136890769 -0.00040554700535722077 -0.0008707133820280433 -0.0009570489055477083 -0.0003608237311709672 
0.004671177826821804 0.022641398012638092 -0.02484886720776558 0.01257949136197567 0.10818031430244446 0.07102389633655548 -0.07314029335975647 0.06173412874341011 -0.01672453060746193 
-0.05001850053668022 0.002545066876336932 0.013553017750382423 -0.018249142915010452 -0.0952281653881073 -0.031820740550756454 0.0627879649400711 0.0020176908001303673 0.019131621345877647 
0.030929913744330406 -0.04398280009627342 -0.015628570690751076 -0.19601529836654663 0.2426912635564804 0.07274068146944046 0.02824573777616024 -0.006575924810022116 -0.06202418729662895 
0.00999046117067337 0.04098435491323471 0.022428283467888832 0.05336952209472656 0.05629592388868332 -0.02197008952498436 -0.0034746986348181963 0.004057754762470722 -0.06297726184129715 
-0.03567207232117653 -0.11236529052257538 -0.0925840213894844 0.016782300546765327 0.05133375898003578 0.01886272244155407 0.04057953134179115 0.09269411116838455 0.06573521345853806 
-0.09024332463741302 -0.04128577187657356 0.10313115268945694 -0.09121961146593094 -0.013491399586200714 0.13914743065834045 -0.06637123227119446 0.007334991358220577 0.1407998651266098 
0.19718500971794128 0.0678638145327568 -0.17055153846740723 0.2316601723432541 -0.011616754345595837 -0.16262100636959076 -0.11616984009742737 -0.0588570199906826 0.022610146552324295 
-0.02971615083515644 -0.03121979534626007 -0.02455214038491249 -0.00025570191792212427 -0.11628398299217224 -0.01224962156265974 0.03706367686390877 -0.10863777250051498 -0.04280967265367508 
1.473231804993702e-06 2.2603682737099007e-05 1.836223600548692e-05 -1.0711358299886342e-05 1.6901678463909775e-05 -1.0059387705041445e-06 -1.1327472748234868e-05 1.5078554724823334e-06 -2.400926678092219e-05 
-0.005805667955428362 -0.01412879303097725 -0.02119358628988266 -0.020857490599155426 0.053061921149492264 0.013766679912805557 -0.04697878286242485 -0.0010764234466478229 -0.02928135171532631 
-0.07662270963191986 -0.02692309394478798 0.04492802917957306 -0.05737195163965225 -0.019537733867764473 0.004442568402737379 -0.1132347360253334 -0.030627602711319923 0.007334340829402208 
0.014582015573978424 -0.027742139995098114 -0.03180692344903946 0.06546126306056976 -0.026581745594739914 -0.05818173289299011 0.015119788236916065 0.0008068930474109948 -0.031143570318818092 
-0.10114911198616028 -0.03220299631357193 0.08847994357347488 -0.13972711563110352 0.00389887485653162 0.13792487978935242 -0.055234987288713455 0.05259178951382637 0.08806176483631134 
-0.03430870920419693 0.00559466565027833 -0.05960998311638832 0.06752368807792664 0.022971993312239647 -0.06773999333381653 0.06057405471801758 0.034552574157714844 -0.07041776180267334 
-0.003944768570363522 -0.003857749281451106 0.0284880418330431 -0.001059932168573141 -0.008607584983110428 -0.006508509162813425 -0.017075195908546448 -0.0006932569085620344 0.030588801950216293 
0.00031804345780983567 0.0010717845289036632 -0.000570585485547781 -0.00035460866638459265 0.0012491804081946611 0.00011262270709266886 -0.0007586854044348001 0.0005654792184941471 0.0006275497144088149 
-0.054424285888671875 -0.08910107612609863 -0.06872133165597916 0.029151150956749916 -0.0426875539124012 -0.11800478398799896 -0.005723010282963514 0.04744941368699074 -0.10849915444850922 
0.03376414626836777 0.004368558060377836 -0.03707001358270645 -0.003987961448729038 -0.016391566023230553 -0.00044109459850005805 0.03860945254564285 -0.006743550766259432 -0.002399891149252653 
0.017272142693400383 0.04045422747731209 -0.03998798877000809 0.0531914159655571 -0.07908917963504791 -0.03113853931427002 -0.003056790679693222 -0.05269639939069748 -0.0976521298289299 
-0.046685244888067245 0.0019192883046343923 0.01469096727669239 -0.017605163156986237 -0.010658126324415207 -0.009548674337565899 -0.011214024387300014 0.016981162130832672 0.019639434292912483 
-0.10971789807081223 -0.028445813804864883 0.16184373199939728 -0.17013268172740936 -0.1249975860118866 0.10272050648927689 -0.10467780381441116 -0.1016729474067688 0.054289985448122025 
0.027261603623628616 -0.00570946978405118 -0.04068789258599281 0.0541549026966095 0.014710907824337482 -0.02262149006128311 0.022123025730252266 -0.006935781799256802 -0.035619255155324936 
-0.160305455327034 -0.13654029369354248 0.08044020086526871 -0.04161926358938217 -0.07259025424718857 0.06215427443385124 0.1422162652015686 -0.005064585246145725 -0.012048927135765553 
-0.029767854139208794 -0.01588202640414238 -0.02617247961461544 -0.016461078077554703 -0.04593046382069588 -0.00019648426678031683 -0.04827003926038742 -0.052689291536808014 0.005461737513542175 
-1.8963945649375091e-06 -2.322566388102132e-06 -7.74744876252953e-06 1.8604532669996843e-05 -1.3076314644422382e-06 -1.0850370017578825e-05 2.0302340999478474e-05 4.685005023929989e-06 -7.552679107902804e-06 
0.023626508191227913 -0.040526553988456726 -0.059909529983997345 0.025530682876706123 -0.010939772240817547 -0.020091822370886803 0.026885008439421654 -0.0218608807772398 -0.010034763254225254 
-0.03302538022398949 -0.018947087228298187 0.011508042924106121 -0.014372393488883972 -0.027808941900730133 -0.008368050679564476 0.004179606679826975 -0.02436261996626854 -0.021921738982200623 
0.011443848721683025 -0.06129767373204231 -0.016672180965542793 0.032540444284677505 -0.06249988451600075 -0.025184977799654007 -0.00046626292169094086 -0.05593143031001091 -0.02471833862364292 
0.009227604605257511 -0.05935515835881233 -0.12319356203079224 0.07055717706680298 -0.020077819004654884 -0.12734954059123993 0.02919386513531208 -0.019177677109837532 -0.10907799005508423 
-0.051309216767549515 -0.009962290525436401 0.07272311300039291 -0.08890242874622345 -0.034317415207624435 0.07170294225215912 -0.1446332335472107 -0.11940590292215347 -0.015916621312499046 
