0 0 0 0 -0.05240999534726143 0 0 0 0
0 0 0 0 -0.04954203590750694 0 0 0 0
0 0 0 0 -0.013079705648124218 0 0 0 0
0 0 0 0 0.06205984577536583 0 0 0 0
0 0 0 0 -0.03690492734313011 0 0 0 0
0 0 0 0 0.0878528282046318 0 0 0 0
0 0 0 0 -0.02035370096564293 0 0 0 0
0 0 0 0 0.09381090104579926 0 0 0 0
0 0 0 0 0.03627277538180351 0 0 0 0
0 0 0 0 0.030119428411126137 0 0 0 0
0 0 0 0 -0.07697393000125885 0 0 0 0
0 0 0 0 -0.01126676332205534 0 0 0 0
0 0 0 0 -0.027017956599593163 0 0 0 0
0 0 0 0 -0.013553651049733162 0 0 0 0
0 0 0 0 0.07935373485088348 0 0 0 0
0 0 0 0 -0.06312692910432816 0 0 0 0
0 0 0 0 0.016289129853248596 0 0 0 0
0 0 0 0 0.01855681836605072 0 0 0 0
0 0 0 0 -0.006392947398126125 0 0 0 0
0 0 0 0 -0.0026065432466566563 0 0 0 0
0 0 0 0 -0.013500973582267761 0 0 0 0
0 0 0 0 -0.05579066649079323 0 0 0 0
0 0 0 0 0.044827450066804886 0 0 0 0
0 0 0 0 0.0064973593689501286 0 0 0 0
0 0 0 0 -0.009685158729553223 0 0 0 0
0 0 0 0 -0.06932317465543747 0 0 0 0
0 0 0 0 -0.016077246516942978 0 0 0 0
0 0 0 0 -0.001492412411607802 0 0 0 0
0 0 0 0 -0.0672798678278923 0 0 0 0
0 0 0 0 -0.10730907320976257 0 0 0 0
0 0 0 0 -0.010722295381128788 0 0 0 0
0 0 0 0 -0.04012781009078026 0 0 0 0
0 0 0 0 -0.023781660944223404 0 0 0 0
0 0 0 0 0.07398276776075363 0 0 0 0
0 0 0 0 0.05597466975450516 0 0 0 0
0 0 0 0 -0.05645046383142471 0 0 0 0
0 0 0 0 -0.010351051576435566 0 0 0 0
0 0 0 0 -0.017999261617660522 0 0 0 0
0 0 0 0 0.024811966344714165 0 0 0 0
0 0 0 0 0.01218726858496666 0 0 0 0
0 0 0 0 -0.023707563057541847 0 0 0 0
0 0 0 0 -0.0027743102982640266 0 0 0 0
0 0 0 0 0.10490330308675766 0 0 0 0
0 0 0 0 0.05173156037926674 0 0 0 0
0 0 0 0 -0.014802496880292892 0 0 0 0
0 0 0 0 -0.03156480938196182 0 0 0 0
0 0 0 0 0.014853395521640778 0 0 0 0
0 0 0 0 0.005965066608041525 0 0 0 0
0 0 0 0 0.047543372958898544 0 0 0 0
0 0 0 0 0.04138815775513649 0 0 0 0
0 0 0 0 0.10685951262712479 0 0 0 0
0 0 0 0 -0.05311789736151695 0 0 0 0
0 0 0 0 -0.06526412069797516 0 0 0 0
0 0 0 0 -0.04180937260389328 0 0 0 0
0 0 0 0 0.005070321261882782 0 0 0 0
0 0 0 0 2.1615020159515552e-05 0 0 0 0
0 0 0 0 -0.051149800419807434 0 0 0 0
0 0 0 0 -0.023190582171082497 0 0 0 0
0 0 0 0 -0.044879697263240814 0 0 0 0
0 0 0 0 -0.0179823599755764 0 0 0 0
0 0 0 0 0.02276729978621006 0 0 0 0
0 0 0 0 -0.034314703196287155 0 0 0 0
0 0 0 0 -0.06394260376691818 0 0 0 0
0 0 0 0 -0.010709491558372974 0 0 0 0
0 0 0 0 0.005200957413762808 0 0 0 0
0 0 0 0 -0.045832160860300064 0 0 0 0
0 0 0 0 0.0329359769821167 0 0 0 0
0 0 0 0 0.045083072036504745 0 0 0 0
0 0 0 0 0.02824079804122448 0 0 0 0
0 0 0 0 0.02163087949156761 0 0 0 0
0 0 0 0 -0.010465377941727638 0 0 0 0
0 0 0 0 0.031633902341127396 0 0 0 0
0 0 0 0 -0.041005123406648636 0 0 0 0
0 0 0 0 0.02131224051117897 0 0 0 0
0 0 0 0 -0.014730744995176792 0 0 0 0
0 0 0 0 -0.0030761277303099632 0 0 0 0
0 0 0 0 -0.007703951094299555 0 0 0 0
0 0 0 0 0.017942100763320923 0 0 0 0
0 0 0 0 0.005973263643682003 0 0 0 0
0 0 0 0 -0.05203795060515404 0 0 0 0
0 0 0 0 -0.011947793886065483 0 0 0 0
0 0 0 0 -0.018927983939647675 0 0 0 0
0 0 0 0 -0.043393854051828384 0 0 0 0
0 0 0 0 0.0002768779522739351 0 0 0 0
0 0 0 0 0.028481846675276756 0 0 0 0
0 0 0 0 -0.05228518694639206 0 0 0 0
0 0 0 0 -0.0014112161006778479 0 0 0 0
0 0 0 0 -0.023407306522130966 0 0 0 0
0 0 0 0 -0.02426067180931568 0 0 0 0
0 0 0 0 -0.11151020228862762 0 0 0 0
0 0 0 0 0.020335745066404343 0 0 0 0
0 0 0 0 -0.025067785754799843 0 0 0 0
0 0 0 0 -0.06671740859746933 0 0 0 0
0 0 0 0 0.011291329748928547 0 0 0 0
0 0 0 0 0.00561612518504262 0 0 0 0
0 0 0 0 0.02924267016351223 0 0 0 0
0 0 0 0 0.022650515660643578 0 0 0 0
0 0 0 0 -0.09488677233457565 0 0 0 0
0 0 0 0 -0.06867866218090057 0 0 0 0
0 0 0 0 -0.006818657740950584 0 0 0 0
0 0 0 0 -0.03200296685099602 0 0 0 0
0 0 0 0 0.07186203449964523 0 0 0 0
0 0 0 0 0.010051841847598553 0 0 0 0
0 0 0 0 -0.005012684501707554 0 0 0 0
0 0 0 0 -0.10800328105688095 0 0 0 0
0 0 0 0 0.06494997441768646 0 0 0 0
0 0 0 0 -0.0212040226906538 0 0 0 0
0 0 0 0 -0.03526845946907997 0 0 0 0
0 0 0 0 0.020746158435940742 0 0 0 0
0 0 0 0 0.021468399092555046 0 0 0 0
0 0 0 0 0.053608279675245285 0 0 0 0
0 0 0 0 -0.004325505346059799 0 0 0 0
0 0 0 0 -0.009315104223787785 0 0 0 0
0 0 0 0 -0.020821399986743927 0 0 0 0
0 0 0 0 0.06893416494131088 0 0 0 0
0 0 0 0 -0.0333828441798687 0 0 0 0
0 0 0 0 -0.03238656371831894 0 0 0 0
0 0 0 0 -0.03445963189005852 0 0 0 0
0 0 0 0 -0.03571708872914314 0 0 0 0
0 0 0 0 -0.058943964540958405 0 0 0 0
0 0 0 0 -0.001710008247755468 0 0 0 0
0 0 0 0 -0.07400717586278915 0 0 0 0
0 0 0 0 -0.02583049051463604 0 0 0 0
0 0 0 0 0.036585986614227295 0 0 0 0
0 0 0 0 0.030592402443289757 0 0 0 0
0 0 0 0 0.01037641428411007 0 0 0 0
0 0 0 0 -0.018439220264554024 0 0 0 0
0 0 0 0 0.009350167587399483 0 0 0 0
0 0 0 0 -0.08255752176046371 0 0 0 0
0 0 0 0 0.03653763234615326 0 0 0 0
0 0 0 0 0.03523798659443855 0 0 0 0
0 0 0 0 -0.04258987680077553 0 0 0 0
0 0 0 0 -0.05433173477649689 0 0 0 0
0 0 0 0 0.03059806488454342 0 0 0 0
0 0 0 0 -0.00038391374982893467 0 0 0 0
0 0 0 0 0.040828805416822433 0 0 0 0
0 0 0 0 0.053686048835515976 0 0 0 0
0 0 0 0 0.03217092528939247 0 0 0 0
0 0 0 0 -0.04689750447869301 0 0 0 0
0 0 0 0 0.01944887265563011 0 0 0 0
0 0 0 0 0.04143562167882919 0 0 0 0
0 0 0 0 -0.045564211905002594 0 0 0 0
0 0 0 0 -0.031681910157203674 0 0 0 0
0 0 0 0 -0.025263428688049316 0 0 0 0
0 0 0 0 0.0486731119453907 0 0 0 0
0 0 0 0 -0.0188800860196352 0 0 0 0
0 0 0 0 -0.03625323250889778 0 0 0 0
0 0 0 0 -0.07146001607179642 0 0 0 0
0 0 0 0 0.012551535852253437 0 0 0 0
0 0 0 0 0.06641852855682373 0 0 0 0
0 0 0 0 0.05759715288877487 0 0 0 0
0 0 0 0 -0.020578565075993538 0 0 0 0
0 0 0 0 -0.05293504521250725 0 0 0 0
0 0 0 0 0.01740667223930359 0 0 0 0
0 0 0 0 -0.07669012248516083 0 0 0 0
0 0 0 0 0.025892624631524086 0 0 0 0
0 0 0 0 0.06428743898868561 0 0 0 0
0 0 0 0 -0.09650745987892151 0 0 0 0
0 0 0 0 -0.08154819160699844 0 0 0 0
0 0 0 0 0.08892349898815155 0 0 0 0
0 0 0 0 0.008788861334323883 0 0 0 0
0 0 0 0 -0.08856070041656494 0 0 0 0
0 0 0 0 -0.04708228260278702 0 0 0 0
0 0 0 0 0.02448800764977932 0 0 0 0
0 0 0 0 -0.07412277162075043 0 0 0 0
0 0 0 0 0.03535217046737671 0 0 0 0
0 0 0 0 0.010803007520735264 0 0 0 0
0 0 0 0 0.03377382457256317 0 0 0 0
0 0 0 0 0.014471248723566532 0 0 0 0
0 0 0 0 -0.001483210944570601 0 0 0 0
0 0 0 0 -0.0739348828792572 0 0 0 0
0 0 0 0 -0.027893736958503723 0 0 0 0
0 0 0 0 0.0126720629632473 0 0 0 0
0 0 0 0 -0.08416912704706192 0 0 0 0
0 0 0 0 -0.003237138967961073 0 0 0 0
0 0 0 0 -0.009482563473284245 0 0 0 0
0 0 0 0 -0.026102768257260323 0 0 0 0
0 0 0 0 0.011070371605455875 0 0 0 0
0 0 0 0 -0.04773127660155296 0 0 0 0
0 0 0 0 -0.02110876888036728 0 0 0 0
0 0 0 0 0.00141842570155859 0 0 0 0
0 0 0 0 0.0346456915140152 0 0 0 0
0 0 0 0 0.012064198963344097 0 0 0 0
0 0 0 0 0.09973405301570892 0 0 0 0
0 0 0 0 -0.060997530817985535 0 0 0 0
0 0 0 0 0.11156561970710754 0 0 0 0
0 0 0 0 0.04475101828575134 0 0 0 0
0 0 0 0 -0.030830539762973785 0 0 0 0
0 0 0 0 -0.03739939257502556 0 0 0 0
0 0 0 0 -0.016205277293920517 0 0 0 0
0 0 0 0 -0.10877811908721924 0 0 0 0
0 0 0 0 0.02105650305747986 0 0 0 0
0 0 0 0 -0.02121998928487301 0 0 0 0
0 0 0 0 -0.041067078709602356 0 0 0 0
0 0 0 0 -0.01653839461505413 0 0 0 0
0 0 0 0 -0.027182888239622116 0 0 0 0
0 0 0 0 -0.03680847957730293 0 0 0 0
0 0 0 0 -0.027057232335209846 0 0 0 0
0 0 0 0 -0.009378720074892044 0 0 0 0
0 0 0 0 -0.021864814683794975 0 0 0 0
0 0 0 0 0.020245665684342384 0 0 0 0
0 0 0 0 -0.029189690947532654 0 0 0 0
0 0 0 0 0.037861719727516174 0 0 0 0
0 0 0 0 -0.007391882594674826 0 0 0 0
0 0 0 0 0.04033706337213516 0 0 0 0
0 0 0 0 -0.08334175497293472 0 0 0 0
0 0 0 0 -0.009158400818705559 0 0 0 0
0 0 0 0 0.04445688799023628 0 0 0 0
0 0 0 0 -0.08500726521015167 0 0 0 0
0 0 0 0 -0.03266322612762451 0 0 0 0
0 0 0 0 -0.04264457896351814 0 0 0 0
0 0 0 0 -0.10147696733474731 0 0 0 0
0 0 0 0 0.046301234513521194 0 0 0 0
0 0 0 0 -0.07213467359542847 0 0 0 0
0 0 0 0 0.039402034133672714 0 0 0 0
0 0 0 0 -0.028638429939746857 0 0 0 0
0 0 0 0 -0.06524243205785751 0 0 0 0
0 0 0 0 0.04154396429657936 0 0 0 0
0 0 0 0 -0.023729372769594193 0 0 0 0
0 0 0 0 -0.017369665205478668 0 0 0 0
0 0 0 0 -0.008045761846005917 0 0 0 0
0 0 0 0 0.011192228645086288 0 0 0 0
0 0 0 0 -0.008247052319347858 0 0 0 0
0 0 0 0 -0.014114165678620338 0 0 0 0
0 0 0 0 -0.028774991631507874 0 0 0 0
0 0 0 0 -0.08585585653781891 0 0 0 0
0 0 0 0 0.04539365693926811 0 0 0 0
0 0 0 0 -0.0760241448879242 0 0 0 0
0 0 0 0 -0.038406483829021454 0 0 0 0
0 0 0 0 -0.019896648824214935 0 0 0 0
0 0 0 0 0.0019426043145358562 0 0 0 0
0 0 0 0 0.020606109872460365 0 0 0 0
0 0 0 0 0.020158302038908005 0 0 0 0
0 0 0 0 0.0029879233334213495 0 0 0 0
0 0 0 0 -0.013238764367997646 0 0 0 0
0 0 0 0 -0.02808755822479725 0 0 0 0
0 0 0 0 0.006797955837100744 0 0 0 0
0 0 0 0 0.022774986922740936 0 0 0 0
0 0 0 0 0.010018376633524895 0 0 0 0
0 0 0 0 0.14290913939476013 0 0 0 0
0 0 0 0 0.03153335675597191 0 0 0 0
0 0 0 0 0.041296958923339844 0 0 0 0
0 0 0 0 0.025601407513022423 0 0 0 0
0 0 0 0 0.016908176243305206 0 0 0 0
0 0 0 0 -0.03787236288189888 0 0 0 0
0 0 0 0 0.015222889371216297 0 0 0 0
0 0 0 0 0.13867084681987762 0 0 0 0
0 0 0 0 -0.024587806314229965 0 0 0 0
0 0 0 0 0.07626671344041824 0 0 0 0
0 0 0 0 -0.07204268127679825 0 0 0 0
0 0 0 0 -0.001191572635434568 0 0 0 0
0 0 0 0 -0.046894654631614685 0 0 0 0
0 0 0 0 -0.04322158172726631 0 0 0 0
0 0 0 0 -0.034014079719781876 0 0 0 0
0 0 0 0 -0.04643448069691658 0 0 0 0
0 0 0 0 -0.07939201593399048 0 0 0 0
0 0 0 0 0.04126676172018051 0 0 0 0
0 0 0 0 -0.034967198967933655 0 0 0 0
0 0 0 0 -0.07094935327768326 0 0 0 0
0 0 0 0 0.11952976137399673 0 0 0 0
0 0 0 0 -0.017347104847431183 0 0 0 0
0 0 0 0 0.03129089996218681 0 0 0 0
0 0 0 0 0.0023753619752824306 0 0 0 0
0 0 0 0 -0.05050700902938843 0 0 0 0
0 0 0 0 -0.051901936531066895 0 0 0 0
0 0 0 0 -0.07008625566959381 0 0 0 0
0 0 0 0 -0.03240935131907463 0 0 0 0
0 0 0 0 -0.012476223520934582 0 0 0 0
0 0 0 0 -0.05560683831572533 0 0 0 0
0 0 0 0 -0.051365990191698074 0 0 0 0
0 0 0 0 -0.0606997013092041 0 0 0 0
0 0 0 0 0.08756010234355927 0 0 0 0
0 0 0 0 0.1258997917175293 0 0 0 0
0 0 0 0 0.10586167871952057 0 0 0 0
0 0 0 0 -0.0023630873765796423 0 0 0 0
0 0 0 0 -0.011185907758772373 0 0 0 0
0 0 0 0 -0.05081459879875183 0 0 0 0
0 0 0 0 0.050124794244766235 0 0 0 0
0 0 0 0 0.0003562436031643301 0 0 0 0
0 0 0 0 0.033455297350883484 0 0 0 0
0 0 0 0 -0.023408418521285057 0 0 0 0
0 0 0 0 0.0020486456342041492 0 0 0 0
0 0 0 0 0.04300763085484505 0 0 0 0
0 0 0 0 -0.05849297717213631 0 0 0 0
0 0 0 0 0.011907240375876427 0 0 0 0
0 0 0 0 -0.04139706864953041 0 0 0 0
0 0 0 0 -0.030829541385173798 0 0 0 0
0 0 0 0 -0.04364607110619545 0 0 0 0
0 0 0 0 0.004321564454585314 0 0 0 0
0 0 0 0 -0.05962136387825012 0 0 0 0
0 0 0 0 -0.001658453606069088 0 0 0 0
0 0 0 0 -0.02393903210759163 0 0 0 0
0 0 0 0 0.016735007986426353 0 0 0 0
0 0 0 0 -0.016530141234397888 0 0 0 0
0 0 0 0 -0.047755345702171326 0 0 0 0
0 0 0 0 -0.09122738242149353 0 0 0 0
0 0 0 0 -0.005140652880072594 0 0 0 0
0 0 0 0 -0.01665709912776947 0 0 0 0
0 0 0 0 0.023543059825897217 0 0 0 0
0 0 0 0 0.0011651882668957114 0 0 0 0
0 0 0 0 0.017337562516331673 0 0 0 0
0 0 0 0 -0.006509355269372463 0 0 0 0
0 0 0 0 0.005814414005726576 0 0 0 0
0 0 0 0 0.13502368330955505 0 0 0 0
0 0 0 0 -0.037523798644542694 0 0 0 0
0 0 0 0 -0.02105293795466423 0 0 0 0
0 0 0 0 -0.07368017733097076 0 0 0 0
0 0 0 0 -0.01357489638030529 0 0 0 0
0 0 0 0 0.03995754197239876 0 0 0 0
0 0 0 0 -0.02130996622145176 0 0 0 0
0 0 0 0 -0.09263166040182114 0 0 0 0
0 0 0 0 -0.05927883833646774 0 0 0 0
0 0 0 0 0.009353582747280598 0 0 0 0
0 0 0 0 -0.026985039934515953 0 0 0 0
0 0 0 0 -0.00946484412997961 0 0 0 0
0 0 0 0 0.16040335595607758 0 0 0 0
0 0 0 0 0.00814064685255289 0 0 0 0
0 0 0 0 -0.0019904887303709984 0 0 0 0
0 0 0 0 0.00032917107455432415 0 0 0 0
0 0 0 0 -0.018993163481354713 0 0 0 0
0 0 0 0 -0.020638328045606613 0 0 0 0
0 0 0 0 -0.028887564316391945 0 0 0 0
0 0 0 0 0.009639529511332512 0 0 0 0
0 0 0 0 0.06585568189620972 0 0 0 0
0 0 0 0 -0.04111906886100769 0 0 0 0
0 0 0 0 0.01532695535570383 0 0 0 0
0 0 0 0 -0.026631763204932213 0 0 0 0
0 0 0 0 0.04047926515340805 0 0 0 0
0 0 0 0 0.005642799194902182 0 0 0 0
0 0 0 0 -0.026893459260463715 0 0 0 0
0 0 0 0 -0.007838481105864048 0 0 0 0
0 0 0 0 0.00029967614682391286 0 0 0 0
0 0 0 0 -0.08234024047851562 0 0 0 0
0 0 0 0 0.01129587460309267 0 0 0 0
0 0 0 0 0.033623214811086655 0 0 0 0
0 0 0 0 0.0029520108364522457 0 0 0 0
0 0 0 0 -0.02638040855526924 0 0 0 0
0 0 0 0 -0.01065078005194664 0 0 0 0
0 0 0 0 -0.04152470827102661 0 0 0 0
0 0 0 0 0.022539956495165825 0 0 0 0
0 0 0 0 0.0320759154856205 0 0 0 0
0 0 0 0 0.061264727264642715 0 0 0 0
0 0 0 0 0.09231767058372498 0 0 0 0
0 0 0 0 -0.08094926178455353 0 0 0 0
0 0 0 0 -0.015082420781254768 0 0 0 0
0 0 0 0 -0.0829882100224495 0 0 0 0
0 0 0 0 -0.03488888591527939 0 0 0 0
0 0 0 0 -0.0038845206145197153 0 0 0 0
0 0 0 0 0.0211844090372324 0 0 0 0
0 0 0 0 -0.03922530636191368 0 0 0 0
0 0 0 0 -0.030544592067599297 0 0 0 0
0 0 0 0 -0.07471594214439392 0 0 0 0
0 0 0 0 -0.04508097842335701 0 0 0 0
0 0 0 0 0.019437124952673912 0 0 0 0
0 0 0 0 -0.033225979655981064 0 0 0 0
0 0 0 0 -0.011245669797062874 0 0 0 0
0 0 0 0 -0.0020243029575794935 0 0 0 0
0 0 0 0 -4.393961717141792e-06 0 0 0 0
0 0 0 0 -0.017293760553002357 0 0 0 0
0 0 0 0 0.028599560260772705 0 0 0 0
0 0 0 0 -0.007552952039986849 0 0 0 0
0 0 0 0 0.00014808648847974837 0 0 0 0
0 0 0 0 0.06572964042425156 0 0 0 0
0 0 0 0 -0.014993811957538128 0 0 0 0
0 0 0 0 -0.046997420489788055 0 0 0 0
0 0 0 0 0.02797062136232853 0 0 0 0
0 0 0 0 -0.03099893592298031 0 0 0 0
0 0 0 0 0.005754643585532904 0 0 0 0
0 0 0 0 -0.040947966277599335 0 0 0 0
0 0 0 0 -0.017677105963230133 0 0 0 0
0 0 0 0 -0.06531797349452972 0 0 0 0
0 0 0 0 -0.02790137194097042 0 0 0 0
0 0 0 0 0.042666032910346985 0 0 0 0
0 0 0 0 0.007113802246749401 0 0 0 0
0 0 0 0 0.0011949624167755246 0 0 0 0
0 0 0 0 -0.059358861297369 0 0 0 0
0 0 0 0 -0.08895203471183777 0 0 0 0
0 0 0 0 0.014359722845256329 0 0 0 0
0 0 0 0 0.0500679686665535 0 0 0 0
0 0 0 0 -0.04425593465566635 0 0 0 0
0 0 0 0 -0.0426843985915184 0 0 0 0
0 0 0 0 -0.04728985205292702 0 0 0 0
0 0 0 0 0.0817490667104721 0 0 0 0
0 0 0 0 -0.07827942818403244 0 0 0 0
0 0 0 0 -0.007713773753494024 0 0 0 0
0 0 0 0 0.09209684282541275 0 0 0 0
0 0 0 0 0.03243715688586235 0 0 0 0
0 0 0 0 0.0911298394203186 0 0 0 0
0 0 0 0 -0.06751851737499237 0 0 0 0
0 0 0 0 -0.026951752603054047 0 0 0 0
0 0 0 0 0.00868030171841383 0 0 0 0
0 0 0 0 0.01918894425034523 0 0 0 0
0 0 0 0 -0.10145994275808334 0 0 0 0
0 0 0 0 -0.030245112255215645 0 0 0 0
0 0 0 0 0.011402692645788193 0 0 0 0
0 0 0 0 0.006353083532303572 0 0 0 0
0 0 0 0 -0.02206292748451233 0 0 0 0
0 0 0 0 0.010677430778741837 0 0 0 0
0 0 0 0 -0.05894463136792183 0 0 0 0
0 0 0 0 0.03455014154314995 0 0 0 0
0 0 0 0 -0.0339340940117836 0 0 0 0
0 0 0 0 -0.019636526703834534 0 0 0 0
0 0 0 0 -0.04923614487051964 0 0 0 0
0 0 0 0 -0.040909674018621445 0 0 0 0
0 0 0 0 0.05559252202510834 0 0 0 0
0 0 0 0 -0.029671447351574898 0 0 0 0
0 0 0 0 0.05918547511100769 0 0 0 0
0 0 0 0 -0.07524124532938004 0 0 0 0
0 0 0 0 -0.014060184359550476 0 0 0 0
0 0 0 0 0.0010310984216630459 0 0 0 0
0 0 0 0 -0.036213334649801254 0 0 0 0
0 0 0 0 -0.011467622593045235 0 0 0 0
0 0 0 0 -0.025253726169466972 0 0 0 0
0 0 0 0 -0.000974818947724998 0 0 0 0
0 0 0 0 0.05896016210317612 0 0 0 0
0 0 0 0 0.02385733276605606 0 0 0 0
0 0 0 0 -0.005446424707770348 0 0 0 0
0 0 0 0 -0.06386195868253708 0 0 0 0
0 0 0 0 -0.06697175651788712 0 0 0 0
0 0 0 0 -0.017067786306142807 0 0 0 0
0 0 0 0 -0.030898502096533775 0 0 0 0
0 0 0 0 0.01696004346013069 0 0 0 0
0 0 0 0 0.006257164292037487 0 0 0 0
0 0 0 0 -0.0033305813558399677 0 0 0 0
0 0 0 0 0.028748923912644386 0 0 0 0
0 0 0 0 -0.06770958751440048 0 0 0 0
0 0 0 0 -0.0322214737534523 0 0 0 0
0 0 0 0 0.04655167832970619 0 0 0 0
0 0 0 0 0.0036771465092897415 0 0 0 0
0 0 0 0 0.03777312487363815 0 0 0 0
0 0 0 0 0.051894333213567734 0 0 0 0
0 0 0 0 0.04297102987766266 0 0 0 0
0 0 0 0 0.05750994756817818 0 0 0 0
0 0 0 0 0.010840501636266708 0 0 0 0
0 0 0 0 0.026381386443972588 0 0 0 0
0 0 0 0 0.05004562810063362 0 0 0 0
0 0 0 0 -0.0690578818321228 0 0 0 0
0 0 0 0 0.02840246818959713 0 0 0 0
0 0 0 0 -0.05357394739985466 0 0 0 0
0 0 0 0 -0.04977385699748993 0 0 0 0
0 0 0 0 -0.027125008404254913 0 0 0 0
0 0 0 0 -0.017170362174510956 0 0 0 0
0 0 0 0 0.024704094976186752 0 0 0 0
0 0 0 0 -0.04740795120596886 0 0 0 0
0 0 0 0 0.01829874888062477 0 0 0 0
0 0 0 0 -0.030668621882796288 0 0 0 0
0 0 0 0 0.022556547075510025 0 0 0 0
0 0 0 0 0.02247961238026619 0 0 0 0
0 0 0 0 0.07765766233205795 0 0 0 0
0 0 0 0 0.035089511424303055 0 0 0 0
0 0 0 0 -0.07289178669452667 0 0 0 0
0 0 0 0 0.043602198362350464 0 0 0 0
0 0 0 0 -0.013202874921262264 0 0 0 0
0 0 0 0 0.01682605966925621 0 0 0 0
0 0 0 0 -0.02941771037876606 0 0 0 0
0 0 0 0 -0.04853953793644905 0 0 0 0
0 0 0 0 0.1005520150065422 0 0 0 0
0 0 0 0 0.023467915132641792 0 0 0 0
0 0 0 0 -0.061362382024526596 0 0 0 0
0 0 0 0 -0.10451488196849823 0 0 0 0
0 0 0 0 -0.00951248500496149 0 0 0 0
0 0 0 0 0.003437615931034088 0 0 0 0
0 0 0 0 -0.011805592104792595 0 0 0 0
0 0 0 0 0.019105255603790283 0 0 0 0
0 0 0 0 0.02483111247420311 0 0 0 0
0 0 0 0 0.0675358921289444 0 0 0 0
0 0 0 0 0.07038991898298264 0 0 0 0
0 0 0 0 -0.026464423164725304 0 0 0 0
0 0 0 0 -0.023974748328328133 0 0 0 0
0 0 0 0 -0.005002944264560938 0 0 0 0
0 0 0 0 0.007527605164796114 0 0 0 0
0 0 0 0 0.09569204598665237 0 0 0 0
0 0 0 0 0.05867853760719299 0 0 0 0
0 0 0 0 0.002813786268234253 0 0 0 0
0 0 0 0 0.11536048352718353 0 0 0 0
0 0 0 0 0.0376116968691349 0 0 0 0
0 0 0 0 0.025074396282434464 0 0 0 0
0 0 0 0 -0.014706701971590519 0 0 0 0
0 0 0 0 -0.020980628207325935 0 0 0 0
0 0 0 0 0.11736544221639633 0 0 0 0
0 0 0 0 -0.03551771491765976 0 0 0 0
0 0 0 0 0.038784123957157135 0 0 0 0
0 0 0 0 0.03822268545627594 0 0 0 0
0 0 0 0 0.007319789379835129 0 0 0 0
0 0 0 0 0.014702812768518925 0 0 0 0
0 0 0 0 0.01056633610278368 0 0 0 0
0 0 0 0 0.04402118921279907 0 0 0 0
0 0 0 0 -0.01790623366832733 0 0 0 0
0 0 0 0 0.031843747943639755 0 0 0 0
0 0 0 0 0.07732567191123962 0 0 0 0
0 0 0 0 -0.012515579350292683 0 0 0 0
0 0 0 0 0.05770683288574219 0 0 0 0
0 0 0 0 -0.055421337485313416 0 0 0 0
0 0 0 0 -0.10518092662096024 0 0 0 0
0 0 0 0 -0.03830087184906006 0 0 0 0
0 0 0 0 -0.033932022750377655 0 0 0 0
0 0 0 0 0.01191011443734169 0 0 0 0
0 0 0 0 0.002306939335539937 0 0 0 0
0 0 0 0 -0.052754223346710205 0 0 0 0
0 0 0 0 -0.00994558073580265 0 0 0 0
0 0 0 0 0.04204892739653587 0 0 0 0
0 0 0 0 -0.030476124957203865 0 0 0 0
0 0 0 0 0.006663721054792404 0 0 0 0
0 0 0 0 0.0024041023571044207 0 0 0 0
0 0 0 0 0.02665194682776928 0 0 0 0
0 0 0 0 -0.023257330060005188 0 0 0 0
0 0 0 0 0.015348527580499649 0 0 0 0
0 0 0 0 0.044230882078409195 0 0 0 0
0 0 0 0 -0.0193503275513649 0 0 0 0
0 0 0 0 -0.05252905562520027 0 0 0 0
0 0 0 0 -0.06067463383078575 0 0 0 0
0 0 0 0 -0.00020232927636243403 0 0 0 0
0 0 0 0 -0.04320337623357773 0 0 0 0
0 0 0 0 -0.006392855662852526 0 0 0 0
0 0 0 0 -0.0961933508515358 0 0 0 0
0 0 0 0 0.04269750416278839 0 0 0 0
0 0 0 0 0.014125429093837738 0 0 0 0
0 0 0 0 -0.0607655793428421 0 0 0 0
0 0 0 0 0.011156123131513596 0 0 0 0
0 0 0 0 -0.029368553310632706 0 0 0 0
0 0 0 0 -0.10416841506958008 0 0 0 0
0 0 0 0 -0.08134786039590836 0 0 0 0
0 0 0 0 -0.07923180609941483 0 0 0 0
0 0 0 0 0.013006601482629776 0 0 0 0
0 0 0 0 0.09012476354837418 0 0 0 0
0 0 0 0 0.023692548274993896 0 0 0 0
0 0 0 0 0.04426062852144241 0 0 0 0
0 0 0 0 -0.037088729441165924 0 0 0 0
0 0 0 0 0.057860367000103 0 0 0 0
0 0 0 0 0.02640555240213871 0 0 0 0
0 0 0 0 0.007530127186328173 0 0 0 0
0 0 0 0 -0.07866299897432327 0 0 0 0
0 0 0 0 -0.0043020532466471195 0 0 0 0
0 0 0 0 -0.0274678822606802 0 0 0 0
0 0 0 0 0.05181169882416725 0 0 0 0
0 0 0 0 0.0010011105332523584 0 0 0 0
0 0 0 0 -0.0824144184589386 0 0 0 0
0 0 0 0 0.00701971584931016 0 0 0 0
0 0 0 0 -0.049875397235155106 0 0 0 0
0 0 0 0 -0.017150988802313805 0 0 0 0
0 0 0 0 0.12783955037593842 0 0 0 0
0 0 0 0 0.05970706045627594 0 0 0 0
0 0 0 0 0.03615186735987663 0 0 0 0
0 0 0 0 0.005470756907016039 0 0 0 0
0 0 0 0 -0.00043619307689368725 0 0 0 0
0 0 0 0 0.014791413210332394 0 0 0 0
0 0 0 0 0.06683701276779175 0 0 0 0
0 0 0 0 -0.04502704367041588 0 0 0 0
0 0 0 0 -0.0030640973709523678 0 0 0 0
0 0 0 0 -0.024643538519740105 0 0 0 0
0 0 0 0 0.035596612840890884 0 0 0 0
0 0 0 0 0.019109835848212242 0 0 0 0
0 0 0 0 -0.045389264822006226 0 0 0 0
0 0 0 0 0.03327220305800438 0 0 0 0
0 0 0 0 0.12543444335460663 0 0 0 0
0 0 0 0 0.023973751813173294 0 0 0 0
0 0 0 0 -0.048234183341264725 0 0 0 0
0 0 0 0 -0.05079824849963188 0 0 0 0
0 0 0 0 -0.009746057912707329 0 0 0 0
0 0 0 0 0.02952774241566658 0 0 0 0
0 0 0 0 -0.084986113011837 0 0 0 0
0 0 0 0 0.009680123999714851 0 0 0 0
0 0 0 0 0.009444279596209526 0 0 0 0
0 0 0 0 0.009176523424685001 0 0 0 0
0 0 0 0 -0.04031718149781227 0 0 0 0
0 0 0 0 -0.016577819362282753 0 0 0 0
0 0 0 0 -0.06197759136557579 0 0 0 0
0 0 0 0 0.04328952357172966 0 0 0 0
0 0 0 0 0.018912479281425476 0 0 0 0
0 0 0 0 0.022166581824421883 0 0 0 0
0 0 0 0 -0.028921740129590034 0 0 0 0
0 0 0 0 0.012807461433112621 0 0 0 0
0 0 0 0 0.034205611795186996 0 0 0 0
0 0 0 0 0.020117761567234993 0 0 0 0
0 0 0 0 0.020695509389042854 0 0 0 0
0 0 0 0 -0.04436597600579262 0 0 0 0
0 0 0 0 0.045129477977752686 0 0 0 0
0 0 0 0 -0.05303752422332764 0 0 0 0
0 0 0 0 -0.04980207234621048 0 0 0 0
0 0 0 0 0.0388728491961956 0 0 0 0
0 0 0 0 -0.070659339427948 0 0 0 0
0 0 0 0 -0.0112528745085001 0 0 0 0
0 0 0 0 -0.07716254889965057 0 0 0 0
0 0 0 0 0.048957157880067825 0 0 0 0
0 0 0 0 -0.06254687160253525 0 0 0 0
0 0 0 0 0.03433501347899437 0 0 0 0
0 0 0 0 0.0721699669957161 0 0 0 0
0 0 0 0 0.09050007164478302 0 0 0 0
0 0 0 0 -0.07003680616617203 0 0 0 0
0 0 0 0 0.0006356110097840428 0 0 0 0
0 0 0 0 0.006273598875850439 0 0 0 0
0 0 0 0 0.030780570581555367 0 0 0 0
0 0 0 0 -0.009080260060727596 0 0 0 0
0 0 0 0 0.005773978307843208 0 0 0 0
0 0 0 0 -0.023257894441485405 0 0 0 0
0 0 0 0 -0.05413099750876427 0 0 0 0
0 0 0 0 0.04783172532916069 0 0 0 0
0 0 0 0 0.03625089302659035 0 0 0 0
0 0 0 0 0.011986158788204193 0 0 0 0
0 0 0 0 0.004608096554875374 0 0 0 0
0 0 0 0 0.005309569649398327 0 0 0 0
0 0 0 0 0.016058307141065598 0 0 0 0
0 0 0 0 0.06190532073378563 0 0 0 0
0 0 0 0 0.026178518310189247 0 0 0 0
0 0 0 0 -0.03742004930973053 0 0 0 0
0 0 0 0 0.007349091582000256 0 0 0 0
0 0 0 0 -0.027065463364124298 0 0 0 0
0 0 0 0 -0.013459495268762112 0 0 0 0
0 0 0 0 0.08005812019109726 0 0 0 0
0 0 0 0 -0.011520772241055965 0 0 0 0
0 0 0 0 -0.037387825548648834 0 0 0 0
0 0 0 0 -0.04722841829061508 0 0 0 0
0 0 0 0 -0.021420793607831 0 0 0 0
0 0 0 0 -0.007164679933339357 0 0 0 0
0 0 0 0 0.0031913944985717535 0 0 0 0
0 0 0 0 0.0659426599740982 0 0 0 0
0 0 0 0 0.023858489468693733 0 0 0 0
0 0 0 0 -0.06507151573896408 0 0 0 0
0 0 0 0 -0.050588734447956085 0 0 0 0
0 0 0 0 0.026045888662338257 0 0 0 0
0 0 0 0 0.046821191906929016 0 0 0 0
0 0 0 0 0.046547506004571915 0 0 0 0
0 0 0 0 0.05575180798768997 0 0 0 0
0 0 0 0 -0.030058056116104126 0 0 0 0
0 0 0 0 -0.07237029820680618 0 0 0 0
0 0 0 0 -0.010340770706534386 0 0 0 0
0 0 0 0 0.012545648030936718 0 0 0 0
0 0 0 0 0.034616295248270035 0 0 0 0
0 0 0 0 -0.046347782015800476 0 0 0 0
0 0 0 0 -0.03772425651550293 0 0 0 0
0 0 0 0 -0.008798704482614994 0 0 0 0
0 0 0 0 0.11785326153039932 0 0 0 0
0 0 0 0 0.05046511068940163 0 0 0 0
0 0 0 0 0.028564855456352234 0 0 0 0
0 0 0 0 0.009751122444868088 0 0 0 0
0 0 0 0 0.01760919578373432 0 0 0 0
0 0 0 0 0.0091061657294631 0 0 0 0
0 0 0 0 0.05436347797513008 0 0 0 0
0 0 0 0 0.06859099864959717 0 0 0 0
0 0 0 0 0.04716021195054054 0 0 0 0
0 0 0 0 -0.019745780155062675 0 0 0 0
0 0 0 0 -0.019401028752326965 0 0 0 0
0 0 0 0 0.02851761505007744 0 0 0 0
0 0 0 0 -0.02331339195370674 0 0 0 0
0 0 0 0 0.07547325640916824 0 0 0 0
0 0 0 0 -0.04379604011774063 0 0 0 0
0 0 0 0 0.020878776907920837 0 0 0 0
0 0 0 0 -0.027549276128411293 0 0 0 0
0 0 0 0 0.028033126145601273 0 0 0 0
0 0 0 0 0.01755676418542862 0 0 0 0
0 0 0 0 -0.13360178470611572 0 0 0 0
0 0 0 0 0.01860615238547325 0 0 0 0
0 0 0 0 0.03262018412351608 0 0 0 0
0 0 0 0 0.08773989975452423 0 0 0 0
0 0 0 0 -0.02530221827328205 0 0 0 0
0 0 0 0 0.005587464664131403 0 0 0 0
0 0 0 0 0.040866561233997345 0 0 0 0
0 0 0 0 -0.015698162838816643 0 0 0 0
0 0 0 0 0.002453068271279335 0 0 0 0
0 0 0 0 -0.06522151082754135 0 0 0 0
0 0 0 0 -0.0019634179770946503 0 0 0 0
0 0 0 0 -0.023211881518363953 0 0 0 0
0 0 0 0 -0.11023855954408646 0 0 0 0
0 0 0 0 0.025332266464829445 0 0 0 0
0 0 0 0 0.04707689583301544 0 0 0 0
0 0 0 0 -0.0002590821823105216 0 0 0 0
0 0 0 0 -0.03512582182884216 0 0 0 0
0 0 0 0 -0.03494700789451599 0 0 0 0
0 0 0 0 0.04363299906253815 0 0 0 0
0 0 0 0 -0.03835253790020943 0 0 0 0
0 0 0 0 -0.006624005269259214 0 0 0 0
0 0 0 0 -0.013523190282285213 0 0 0 0
0 0 0 0 -0.030997201800346375 0 0 0 0
0 0 0 0 -0.004422761034220457 0 0 0 0
0 0 0 0 -0.022626502439379692 0 0 0 0
0 0 0 0 -0.05372496321797371 0 0 0 0
0 0 0 0 0.01608400046825409 0 0 0 0
0 0 0 0 0.06024351343512535 0 0 0 0
0 0 0 0 0.016094490885734558 0 0 0 0
0 0 0 0 -0.026852915063500404 0 0 0 0
0 0 0 0 -0.019662925973534584 0 0 0 0
0 0 0 0 0.0008925390429794788 0 0 0 0
0 0 0 0 0.06643065810203552 0 0 0 0
0 0 0 0 -0.002531422534957528 0 0 0 0
0 0 0 0 0.00434026587754488 0 0 0 0
0 0 0 0 0.035544369369745255 0 0 0 0
0 0 0 0 0.04343809187412262 0 0 0 0
0 0 0 0 -0.03244524821639061 0 0 0 0
0 0 0 0 0.038311395794153214 0 0 0 0
0 0 0 0 -0.031893808394670486 0 0 0 0
0 0 0 0 -0.025866257026791573 0 0 0 0
0 0 0 0 0.0282755009829998 0 0 0 0
0 0 0 0 -0.13061381876468658 0 0 0 0
0 0 0 0 -0.014531794935464859 0 0 0 0
0 0 0 0 0.13340350985527039 0 0 0 0
0 0 0 0 -0.08314326405525208 0 0 0 0
0 0 0 0 0.027918735519051552 0 0 0 0
0 0 0 0 -0.05026263743638992 0 0 0 0
0 0 0 0 -0.014632816426455975 0 0 0 0
0 0 0 0 0.13601195812225342 0 0 0 0
0 0 0 0 -0.005500295199453831 0 0 0 0
0 0 0 0 0.01770693063735962 0 0 0 0
0 0 0 0 0.03941623494029045 0 0 0 0
0 0 0 0 -0.026656044647097588 0 0 0 0
0 0 0 0 0.00040284424903802574 0 0 0 0
0 0 0 0 0.017682615667581558 0 0 0 0
0 0 0 0 0.006837504915893078 0 0 0 0
0 0 0 0 0.05606492608785629 0 0 0 0
0 0 0 0 0.0017449352890253067 0 0 0 0
0 0 0 0 -0.06776728481054306 0 0 0 0
0 0 0 0 -0.008315802551805973 0 0 0 0
0 0 0 0 -0.06249607726931572 0 0 0 0
0 0 0 0 -0.038949109613895416 0 0 0 0
0 0 0 0 0.024452688172459602 0 0 0 0
0 0 0 0 0.040428489446640015 0 0 0 0
0 0 0 0 -0.014472626149654388 0 0 0 0
0 0 0 0 0.00587358558550477 0 0 0 0
0 0 0 0 0.016632242128252983 0 0 0 0
0 0 0 0 -0.046940334141254425 0 0 0 0
0 0 0 0 0.03449142351746559 0 0 0 0
0 0 0 0 -0.049788571894168854 0 0 0 0
0 0 0 0 -0.07653852552175522 0 0 0 0
0 0 0 0 0.025987496599555016 0 0 0 0
0 0 0 0 0.01666610687971115 0 0 0 0
0 0 0 0 -0.014015370048582554 0 0 0 0
0 0 0 0 -0.036594077944755554 0 0 0 0
0 0 0 0 -0.004653757903724909 0 0 0 0
0 0 0 0 -0.022437766194343567 0 0 0 0
0 0 0 0 0.007181823253631592 0 0 0 0
0 0 0 0 0.0043229167349636555 0 0 0 0
0 0 0 0 0.012302236631512642 0 0 0 0
0 0 0 0 -0.039347607642412186 0 0 0 0
0 0 0 0 -0.02095668949186802 0 0 0 0
0 0 0 0 -0.02310996875166893 0 0 0 0
0 0 0 0 -0.00984447542577982 0 0 0 0
0 0 0 0 0.031907618045806885 0 0 0 0
0 0 0 0 -0.07410919666290283 0 0 0 0
0 0 0 0 0.039216384291648865 0 0 0 0
0 0 0 0 -0.05696495249867439 0 0 0 0
0 0 0 0 -0.035248227417469025 0 0 0 0
0 0 0 0 0.004155815113335848 0 0 0 0
0 0 0 0 -0.006906099151819944 0 0 0 0
0 0 0 0 0.01922263391315937 0 0 0 0
0 0 0 0 -0.04118747636675835 0 0 0 0
0 0 0 0 -0.015030053444206715 0 0 0 0
0 0 0 0 -0.05058339983224869 0 0 0 0
0 0 0 0 0.05862642824649811 0 0 0 0
0 0 0 0 0.025148943066596985 0 0 0 0
0 0 0 0 0.021137801930308342 0 0 0 0
0 0 0 0 -0.03879249095916748 0 0 0 0
0 0 0 0 0.044675249606370926 0 0 0 0
0 0 0 0 -0.12351164221763611 0 0 0 0
0 0 0 0 -0.05309305712580681 0 0 0 0
0 0 0 0 -0.03179335594177246 0 0 0 0
0 0 0 0 0.06403191387653351 0 0 0 0
0 0 0 0 -0.0005876568611711264 0 0 0 0
0 0 0 0 -0.04578634724020958 0 0 0 0
0 0 0 0 -0.07253019511699677 0 0 0 0
0 0 0 0 0.02383546531200409 0 0 0 0
0 0 0 0 -0.021893210709095 0 0 0 0
0 0 0 0 -0.040246669203042984 0 0 0 0
0 0 0 0 0.10429703444242477 0 0 0 0
0 0 0 0 -0.020757364109158516 0 0 0 0
0 0 0 0 0.12242680042982101 0 0 0 0
0 0 0 0 -0.039511386305093765 0 0 0 0
0 0 0 0 -0.06911969184875488 0 0 0 0
0 0 0 0 0.054572273045778275 0 0 0 0
0 0 0 0 0.03861064091324806 0 0 0 0
0 0 0 0 0.04330313578248024 0 0 0 0
0 0 0 0 0.07226580381393433 0 0 0 0
0 0 0 0 -0.03411621227860451 0 0 0 0
0 0 0 0 -0.05532415211200714 0 0 0 0
0 0 0 0 0.061292123049497604 0 0 0 0
0 0 0 0 -0.016225939616560936 0 0 0 0
0 0 0 0 -0.047563496977090836 0 0 0 0
0 0 0 0 0.026010330766439438 0 0 0 0
0 0 0 0 -0.029979437589645386 0 0 0 0
0 0 0 0 0.022623084485530853 0 0 0 0
0 0 0 0 -0.053181201219558716 0 0 0 0
0 0 0 0 0.015350695699453354 0 0 0 0
0 0 0 0 0.09990596771240234 0 0 0 0
0 0 0 0 -0.010615832172334194 0 0 0 0
0 0 0 0 -0.01662447489798069 0 0 0 0
0 0 0 0 0.07490652054548264 0 0 0 0
0 0 0 0 -0.02561045065522194 0 0 0 0
0 0 0 0 -0.0047173104248940945 0 0 0 0
0 0 0 0 -0.0023235196713358164 0 0 0 0
0 0 0 0 -0.08738023042678833 0 0 0 0
0 0 0 0 0.02317141927778721 0 0 0 0
0 0 0 0 -0.029100898653268814 0 0 0 0
0 0 0 0 0.06938279420137405 0 0 0 0
0 0 0 0 -0.06170368567109108 0 0 0 0
0 0 0 0 0.04121663421392441 0 0 0 0
0 0 0 0 0.0839114710688591 0 0 0 0
0 0 0 0 -0.018444405868649483 0 0 0 0
0 0 0 0 -0.019220052286982536 0 0 0 0
0 0 0 0 0.0623200424015522 0 0 0 0
0 0 0 0 0.018052764236927032 0 0 0 0
0 0 0 0 0.016266994178295135 0 0 0 0
0 0 0 0 0.024094460532069206 0 0 0 0
0 0 0 0 -0.01744229346513748 0 0 0 0
0 0 0 0 0.05547472834587097 0 0 0 0
0 0 0 0 0.004659723024815321 0 0 0 0
0 0 0 0 0.02139938622713089 0 0 0 0
0 0 0 0 -0.04353709518909454 0 0 0 0
0 0 0 0 -0.11602803319692612 0 0 0 0
0 0 0 0 0.006405009422451258 0 0 0 0
0 0 0 0 -0.0007168148877099156 0 0 0 0
0 0 0 0 -0.031207183375954628 0 0 0 0
0 0 0 0 0.043217919766902924 0 0 0 0
0 0 0 0 0.03921272233128548 0 0 0 0
0 0 0 0 0.10757316648960114 0 0 0 0
0 0 0 0 -0.05238566920161247 0 0 0 0
0 0 0 0 0.01640663854777813 0 0 0 0
0 0 0 0 -0.046648912131786346 0 0 0 0
0 0 0 0 -0.05752776935696602 0 0 0 0
0 0 0 0 -0.03297004848718643 0 0 0 0
0 0 0 0 -0.02574043534696102 0 0 0 0
0 0 0 0 -0.0167557280510664 0 0 0 0
0 0 0 0 0.1188584566116333 0 0 0 0
0 0 0 0 -0.05373505875468254 0 0 0 0
0 0 0 0 -0.05867211893200874 0 0 0 0
0 0 0 0 0.024054022505879402 0 0 0 0
0 0 0 0 -0.026402747258543968 0 0 0 0
0 0 0 0 -0.015833111479878426 0 0 0 0
0 0 0 0 -0.02428026683628559 0 0 0 0
0 0 0 0 -0.029894158244132996 0 0 0 0
0 0 0 0 -0.025356117635965347 0 0 0 0
0 0 0 0 -0.03412376716732979 0 0 0 0
0 0 0 0 0.007395411841571331 0 0 0 0
0 0 0 0 0.007553535979241133 0 0 0 0
0 0 0 0 0.13266952335834503 0 0 0 0
0 0 0 0 -0.022748826071619987 0 0 0 0
0 0 0 0 0.03209835663437843 0 0 0 0
0 0 0 0 -0.0066872225143015385 0 0 0 0
0 0 0 0 -0.017857568338513374 0 0 0 0
0 0 0 0 -0.046894144266843796 0 0 0 0
0 0 0 0 0.06746198982000351 0 0 0 0
0 0 0 0 -0.07276371121406555 0 0 0 0
0 0 0 0 0.04337634518742561 0 0 0 0
0 0 0 0 -0.0027275909669697285 0 0 0 0
0 0 0 0 -0.030574390664696693 0 0 0 0
0 0 0 0 -0.11374511569738388 0 0 0 0
0 0 0 0 -0.01872149296104908 0 0 0 0
0 0 0 0 0.05742323771119118 0 0 0 0
0 0 0 0 -0.051851965487003326 0 0 0 0
0 0 0 0 -0.07265152037143707 0 0 0 0
0 0 0 0 0.021130330860614777 0 0 0 0
0 0 0 0 0.03273912891745567 0 0 0 0
0 0 0 0 0.01508769765496254 0 0 0 0
0 0 0 0 0.04373975098133087 0 0 0 0
0 0 0 0 0.02017202600836754 0 0 0 0
0 0 0 0 0.061704616993665695 0 0 0 0
0 0 0 0 0.03491867706179619 0 0 0 0
0 0 0 0 -0.005047228187322617 0 0 0 0
0 0 0 0 0.11955272406339645 0 0 0 0
0 0 0 0 0.01895219273865223 0 0 0 0
0 0 0 0 -0.05028073862195015 0 0 0 0
0 0 0 0 0.020503465086221695 0 0 0 0
0 0 0 0 -0.027480704709887505 0 0 0 0
0 0 0 0 0.05814437195658684 0 0 0 0
0 0 0 0 -0.040978241711854935 0 0 0 0
0 0 0 0 -0.01411661971360445 0 0 0 0
0 0 0 0 -0.010239308699965477 0 0 0 0
0 0 0 0 -0.023643314838409424 0 0 0 0
0 0 0 0 0.004375793505460024 0 0 0 0
0 0 0 0 0.05524419993162155 0 0 0 0
0 0 0 0 -0.025385115295648575 0 0 0 0
0 0 0 0 0.041055504232645035 0 0 0 0
0 0 0 0 -0.04497912526130676 0 0 0 0
0 0 0 0 -0.06331019103527069 0 0 0 0
0 0 0 0 0.01668952964246273 0 0 0 0
0 0 0 0 0.0400945246219635 0 0 0 0
0 0 0 0 -0.03462224826216698 0 0 0 0
0 0 0 0 0.028291262686252594 0 0 0 0
0 0 0 0 0.008289547637104988 0 0 0 0
0 0 0 0 -0.05342177301645279 0 0 0 0
0 0 0 0 -0.04446475952863693 0 0 0 0
0 0 0 0 0.025186773389577866 0 0 0 0
0 0 0 0 -0.07415957003831863 0 0 0 0
0 0 0 0 0.010132718831300735 0 0 0 0
0 0 0 0 0.04974031075835228 0 0 0 0
0 0 0 0 -0.010250144638121128 0 0 0 0
0 0 0 0 0.020969882607460022 0 0 0 0
0 0 0 0 0.05934733897447586 0 0 0 0
0 0 0 0 0.043738991022109985 0 0 0 0
0 0 0 0 0.04225626587867737 0 0 0 0
0 0 0 0 0.009185145609080791 0 0 0 0
0 0 0 0 -0.021548209711909294 0 0 0 0
0 0 0 0 -0.04738102853298187 0 0 0 0
0 0 0 0 0.03469976782798767 0 0 0 0
0 0 0 0 -0.03223569691181183 0 0 0 0
0 0 0 0 0.11760430783033371 0 0 0 0
0 0 0 0 -0.07435136288404465 0 0 0 0
0 0 0 0 -0.030159922316670418 0 0 0 0
0 0 0 0 0.06838899105787277 0 0 0 0
0 0 0 0 0.0354512482881546 0 0 0 0
0 0 0 0 0.01775377057492733 0 0 0 0
0 0 0 0 -0.02816830389201641 0 0 0 0
0 0 0 0 -0.007604277692735195 0 0 0 0
0 0 0 0 -0.02305278554558754 0 0 0 0
0 0 0 0 -0.023432709276676178 0 0 0 0
0 0 0 0 0.0002206037170253694 0 0 0 0
0 0 0 0 -0.08718979358673096 0 0 0 0
0 0 0 0 -0.042744316160678864 0 0 0 0
0 0 0 0 0.027713075280189514 0 0 0 0
0 0 0 0 0.009685021825134754 0 0 0 0
0 0 0 0 -0.00894608162343502 0 0 0 0
0 0 0 0 0.015590230002999306 0 0 0 0
0 0 0 0 -0.06326874345541 0 0 0 0
0 0 0 0 -0.001632518833503127 0 0 0 0
0 0 0 0 0.03653571009635925 0 0 0 0
0 0 0 0 0.0690365806221962 0 0 0 0
0 0 0 0 -0.027138352394104004 0 0 0 0
0 0 0 0 -0.029764750972390175 0 0 0 0
0 0 0 0 -0.03224192187190056 0 0 0 0
0 0 0 0 -0.01194455474615097 0 0 0 0
0 0 0 0 -0.04341445863246918 0 0 0 0
0 0 0 0 -0.007526970934122801 0 0 0 0
0 0 0 0 -0.0490042008459568 0 0 0 0
0 0 0 0 0.031192943453788757 0 0 0 0
0 0 0 0 -0.0011563586303964257 0 0 0 0
0 0 0 0 -0.06522606313228607 0 0 0 0
0 0 0 0 0.05284445732831955 0 0 0 0
0 0 0 0 -0.008536813780665398 0 0 0 0
0 0 0 0 0.019680146127939224 0 0 0 0
0 0 0 0 0.06438257545232773 0 0 0 0
0 0 0 0 0.03016056679189205 0 0 0 0
0 0 0 0 -0.023310860618948936 0 0 0 0
0 0 0 0 0.0032467881683260202 0 0 0 0
0 0 0 0 0.018427753821015358 0 0 0 0
0 0 0 0 -0.03843013569712639 0 0 0 0
0 0 0 0 -0.09591774642467499 0 0 0 0
0 0 0 0 -0.0007362499600276351 0 0 0 0
0 0 0 0 -0.014834428206086159 0 0 0 0
0 0 0 0 0.023697998374700546 0 0 0 0
0 0 0 0 0.004343216307461262 0 0 0 0
0 0 0 0 -0.034161169081926346 0 0 0 0
0 0 0 0 0.04746833071112633 0 0 0 0
0 0 0 0 0.06035290285944939 0 0 0 0
0 0 0 0 0.038834720849990845 0 0 0 0
0 0 0 0 -0.0020742618944495916 0 0 0 0
0 0 0 0 0.0661366879940033 0 0 0 0
0 0 0 0 -0.08665301650762558 0 0 0 0
0 0 0 0 0.05577744171023369 0 0 0 0
0 0 0 0 -0.024241846054792404 0 0 0 0
0 0 0 0 -0.041312918066978455 0 0 0 0
0 0 0 0 -0.004691015928983688 0 0 0 0
0 0 0 0 -0.13819541037082672 0 0 0 0
0 0 0 0 -0.03472285717725754 0 0 0 0
0 0 0 0 0.06758659332990646 0 0 0 0
0 0 0 0 -0.012725704349577427 0 0 0 0
0 0 0 0 -0.06057795509696007 0 0 0 0
0 0 0 0 0.008179768919944763 0 0 0 0
0 0 0 0 -0.1020326092839241 0 0 0 0
0 0 0 0 -0.08250375092029572 0 0 0 0
0 0 0 0 -0.011150751262903214 0 0 0 0
0 0 0 0 -0.019723039120435715 0 0 0 0
0 0 0 0 -0.08474427461624146 0 0 0 0
0 0 0 0 -0.02524946630001068 0 0 0 0
0 0 0 0 -0.045065369457006454 0 0 0 0
0 0 0 0 0.10444042831659317 0 0 0 0
0 0 0 0 0.034539856016635895 0 0 0 0
0 0 0 0 -0.010386013425886631 0 0 0 0
0 0 0 0 0.009342341683804989 0 0 0 0
0 0 0 0 -0.0008256828878074884 0 0 0 0
0 0 0 0 -0.06830594688653946 0 0 0 0
0 0 0 0 0.011166279204189777 0 0 0 0
0 0 0 0 -0.042363326996564865 0 0 0 0
0 0 0 0 -0.0239506047219038 0 0 0 0
0 0 0 0 0.06989282369613647 0 0 0 0
0 0 0 0 -0.04974919185042381 0 0 0 0
0 0 0 0 0.05801292508840561 0 0 0 0
0 0 0 0 -0.0005951040657237172 0 0 0 0
0 0 0 0 -0.0009309566230513155 0 0 0 0
0 0 0 0 0.04727030545473099 0 0 0 0
0 0 0 0 0.021901821717619896 0 0 0 0
0 0 0 0 -0.02983211539685726 0 0 0 0
0 0 0 0 -0.01674119010567665 0 0 0 0
0 0 0 0 -0.019984833896160126 0 0 0 0
0 0 0 0 -0.053331296890974045 0 0 0 0
0 0 0 0 0.028597848489880562 0 0 0 0
0 0 0 0 0.026562796905636787 0 0 0 0
0 0 0 0 -0.06432310491800308 0 0 0 0
0 0 0 0 -0.0120130255818367 0 0 0 0
0 0 0 0 -0.005866957828402519 0 0 0 0
0 0 0 0 0.012449590489268303 0 0 0 0
0 0 0 0 -0.02027355507016182 0 0 0 0
0 0 0 0 -0.008160277269780636 0 0 0 0
0 0 0 0 0.11932540684938431 0 0 0 0
0 0 0 0 0.061247438192367554 0 0 0 0
0 0 0 0 0.05964738875627518 0 0 0 0
0 0 0 0 -0.0020204829052090645 0 0 0 0
0 0 0 0 -0.04752237722277641 0 0 0 0
0 0 0 0 -0.09548477083444595 0 0 0 0
0 0 0 0 -0.13944555819034576 0 0 0 0
0 0 0 0 0.028144221752882004 0 0 0 0
0 0 0 0 0.015269647352397442 0 0 0 0
0 0 0 0 0.025769837200641632 0 0 0 0
0 0 0 0 0.005863395985215902 0 0 0 0
0 0 0 0 -0.02795947901904583 0 0 0 0
0 0 0 0 0.02951640821993351 0 0 0 0
0 0 0 0 -0.058151789009571075 0 0 0 0
0 0 0 0 0.028527123853564262 0 0 0 0
0 0 0 0 -0.04317978024482727 0 0 0 0
0 0 0 0 -0.08282769471406937 0 0 0 0
0 0 0 0 0.05311477184295654 0 0 0 0
0 0 0 0 -0.14050793647766113 0 0 0 0
0 0 0 0 0.0358981192111969 0 0 0 0
0 0 0 0 0.07790988683700562 0 0 0 0
0 0 0 0 0.024822670966386795 0 0 0 0
0 0 0 0 0.062177032232284546 0 0 0 0
0 0 0 0 0.11945758759975433 0 0 0 0
0 0 0 0 0.002242084126919508 0 0 0 0
0 0 0 0 0.055485546588897705 0 0 0 0
0 0 0 0 -0.012707221321761608 0 0 0 0
0 0 0 0 -0.0877101942896843 0 0 0 0
0 0 0 0 0.0020131603814661503 0 0 0 0
0 0 0 0 0.09647269546985626 0 0 0 0
0 0 0 0 0.02944253385066986 0 0 0 0
0 0 0 0 0.008655586279928684 0 0 0 0
0 0 0 0 -0.039828743785619736 0 0 0 0
0 0 0 0 -0.035102371126413345 0 0 0 0
0 0 0 0 0.039607029408216476 0 0 0 0
0 0 0 0 -0.035016898065805435 0 0 0 0
0 0 0 0 0.1005343496799469 0 0 0 0
0 0 0 0 -0.009814483113586903 0 0 0 0
0 0 0 0 0.014711965806782246 0 0 0 0
0 0 0 0 -0.0015903380699455738 0 0 0 0
0 0 0 0 0.049104753881692886 0 0 0 0
0 0 0 0 0.0024920697323977947 0 0 0 0
0 0 0 0 -0.031433701515197754 0 0 0 0
0 0 0 0 0.005270607769489288 0 0 0 0
0 0 0 0 -0.03065437451004982 0 0 0 0
0 0 0 0 0.02771816775202751 0 0 0 0
0 0 0 0 0.09993676096200943 0 0 0 0
0 0 0 0 -0.02915516495704651 0 0 0 0
0 0 0 0 -0.1122700497508049 0 0 0 0
0 0 0 0 -0.031312182545661926 0 0 0 0
0 0 0 0 0.0658838152885437 0 0 0 0
0 0 0 0 0.04086165130138397 0 0 0 0
0 0 0 0 -0.034129753708839417 0 0 0 0
0 0 0 0 -0.05189240723848343 0 0 0 0
0 0 0 0 0.0546172671020031 0 0 0 0
0 0 0 0 -0.03456282988190651 0 0 0 0
0 0 0 0 0.02310269884765148 0 0 0 0
0 0 0 0 0.024974966421723366 0 0 0 0
0 0 0 0 -0.04560385271906853 0 0 0 0
0 0 0 0 0.04114236310124397 0 0 0 0
0 0 0 0 -0.05931395664811134 0 0 0 0
0 0 0 0 -0.0031676527578383684 0 0 0 0
0 0 0 0 0.015361364930868149 0 0 0 0
0 0 0 0 0.024564340710639954 0 0 0 0
0 0 0 0 0.018774235621094704 0 0 0 0
0 0 0 0 -0.08648770302534103 0 0 0 0
0 0 0 0 -0.037076689302921295 0 0 0 0
0 0 0 0 0.09395543485879898 0 0 0 0
0 0 0 0 0.014594409614801407 0 0 0 0
0 0 0 0 0.018791282549500465 0 0 0 0
0 0 0 0 -0.07252700626850128 0 0 0 0
0 0 0 0 -0.03109259158372879 0 0 0 0
0 0 0 0 0.0160075630992651 0 0 0 0
0 0 0 0 -0.0034375027753412724 0 0 0 0
0 0 0 0 -0.009469432756304741 0 0 0 0
0 0 0 0 0.0900321751832962 0 0 0 0
0 0 0 0 -0.03068687953054905 0 0 0 0
0 0 0 0 0.010471880435943604 0 0 0 0
0 0 0 0 0.03852697089314461 0 0 0 0
0 0 0 0 0.01467303279787302 0 0 0 0
0 0 0 0 0.002173733664676547 0 0 0 0
0 0 0 0 0.0143776535987854 0 0 0 0
0 0 0 0 -0.05612387880682945 0 0 0 0
0 0 0 0 0.04973999410867691 0 0 0 0
0 0 0 0 0.0026931820902973413 0 0 0 0
0 0 0 0 -0.041057288646698 0 0 0 0
0 0 0 0 -0.09665672481060028 0 0 0 0
0 0 0 0 -0.11511368304491043 0 0 0 0
0 0 0 0 0.0940309390425682 0 0 0 0
0 0 0 0 0.035243790596723557 0 0 0 0
0 0 0 0 -0.030093993991613388 0 0 0 0
0 0 0 0 0.015620756894350052 0 0 0 0
0 0 0 0 0.03016832284629345 0 0 0 0
0 0 0 0 -0.0035946443676948547 0 0 0 0
0 0 0 0 0.03956577926874161 0 0 0 0
0 0 0 0 0.02232491411268711 0 0 0 0
0 0 0 0 0.005501522682607174 0 0 0 0
0 0 0 0 -0.017930058762431145 0 0 0 0
0 0 0 0 -0.092818982899189 0 0 0 0
0 0 0 0 0.008463837206363678 0 0 0 0
0 0 0 0 -0.05382870137691498 0 0 0 0
0 0 0 0 0.06453482806682587 0 0 0 0
0 0 0 0 0.05285371467471123 0 0 0 0
0 0 0 0 -0.030057638883590698 0 0 0 0
0 0 0 0 -0.10880367457866669 0 0 0 0
0 0 0 0 0.010991960763931274 0 0 0 0
0 0 0 0 -0.02653057686984539 0 0 0 0
0 0 0 0 -0.007135339081287384 0 0 0 0
0 0 0 0 0.07283484190702438 0 0 0 0
0 0 0 0 0.1251004934310913 0 0 0 0
0 0 0 0 0.08012203127145767 0 0 0 0
0 0 0 0 -0.07724393159151077 0 0 0 0
0 0 0 0 -0.04390463978052139 0 0 0 0
0 0 0 0 -0.09057489037513733 0 0 0 0
0 0 0 0 -0.060086917132139206 0 0 0 0
0 0 0 0 0.015445468947291374 0 0 0 0
0 0 0 0 -0.010109147988259792 0 0 0 0
0 0 0 0 -0.013547306880354881 0 0 0 0
0 0 0 0 0.021453289315104485 0 0 0 0
0 0 0 0 -0.08092876523733139 0 0 0 0
0 0 0 0 0.027848055586218834 0 0 0 0
0 0 0 0 0.020086361095309258 0 0 0 0
0 0 0 0 -0.08537228405475616 0 0 0 0
0 0 0 0 -0.03489305451512337 0 0 0 0
0 0 0 0 -0.02417922206223011 0 0 0 0
0 0 0 0 -0.004343359265476465 0 0 0 0
0 0 0 0 -0.016082240268588066 0 0 0 0
0 0 0 0 -0.008345385082066059 0 0 0 0
0 0 0 0 0.10731316357851028 0 0 0 0
0 0 0 0 0.0036374316550791264 0 0 0 0
0 0 0 0 0.07183261960744858 0 0 0 0
0 0 0 0 -0.039851292967796326 0 0 0 0
0 0 0 0 -0.05571241304278374 0 0 0 0
0 0 0 0 -0.012520856224000454 0 0 0 0
0 0 0 0 -0.07868549227714539 0 0 0 0
0 0 0 0 -0.08739636838436127 0 0 0 0
0 0 0 0 0.04633520916104317 0 0 0 0
0 0 0 0 0.04173734039068222 0 0 0 0
0 0 0 0 -0.04116125404834747 0 0 0 0
0 0 0 0 0.07065608352422714 0 0 0 0
0 0 0 0 0.0708075687289238 0 0 0 0
0 0 0 0 -0.04359897971153259 0 0 0 0
0 0 0 0 -0.11005854606628418 0 0 0 0
0 0 0 0 0.008404748514294624 0 0 0 0
0 0 0 0 0.04301997646689415 0 0 0 0
0 0 0 0 -0.030451025813817978 0 0 0 0
0 0 0 0 -0.06641215831041336 0 0 0 0
0 0 0 0 0.09761940687894821 0 0 0 0
0 0 0 0 0.030814267694950104 0 0 0 0
0 0 0 0 0.07785248756408691 0 0 0 0
0 0 0 0 0.09039145708084106 0 0 0 0
0 0 0 0 -0.04540841281414032 0 0 0 0
0 0 0 0 -0.041935354471206665 0 0 0 0
0 0 0 0 0.004300248343497515 0 0 0 0
0 0 0 0 -0.027577409520745277 0 0 0 0
0 0 0 0 -0.02877744287252426 0 0 0 0
0 0 0 0 -0.09184417873620987 0 0 0 0
0 0 0 0 0.05842817202210426 0 0 0 0
0 0 0 0 0.04372002184391022 0 0 0 0
0 0 0 0 0.05575178563594818 0 0 0 0
0 0 0 0 -0.04076846316456795 0 0 0 0
0 0 0 0 -0.032206691801548004 0 0 0 0
0 0 0 0 0.0185379721224308 0 0 0 0
0 0 0 0 -0.05697210133075714 0 0 0 0
0 0 0 0 -0.08745589107275009 0 0 0 0
0 0 0 0 -0.08729255199432373 0 0 0 0
0 0 0 0 0.012323623523116112 0 0 0 0
0 0 0 0 0.015217583626508713 0 0 0 0
0 0 0 0 0.001682261354289949 0 0 0 0
0 0 0 0 -0.018234901130199432 0 0 0 0
0 0 0 0 -0.061169229447841644 0 0 0 0
0 0 0 0 -0.09530885517597198 0 0 0 0
0 0 0 0 0.06318660080432892 0 0 0 0
0 0 0 0 -0.047559380531311035 0 0 0 0
0 0 0 0 -0.0927095040678978 0 0 0 0
0 0 0 0 0.035387761890888214 0 0 0 0
0 0 0 0 -0.05732370913028717 0 0 0 0
0 0 0 0 0.04504347965121269 0 0 0 0
0 0 0 0 -0.06752265989780426 0 0 0 0
0 0 0 0 0.07974781841039658 0 0 0 0
0 0 0 0 -0.08334196358919144 0 0 0 0
0 0 0 0 -0.06556123495101929 0 0 0 0
0 0 0 0 -0.15810781717300415 0 0 0 0
0 0 0 0 0.024197060614824295 0 0 0 0
0 0 0 0 -0.07366371899843216 0 0 0 0
0 0 0 0 0.002968291752040386 0 0 0 0
0 0 0 0 0.0952097550034523 0 0 0 0
0 0 0 0 -0.09070130437612534 0 0 0 0
0 0 0 0 -0.023384422063827515 0 0 0 0
0 0 0 0 -0.013315359130501747 0 0 0 0
0 0 0 0 -0.026920223608613014 0 0 0 0
0 0 0 0 -0.044939544051885605 0 0 0 0
0 0 0 0 -0.061035752296447754 0 0 0 0
0 0 0 0 0.04197736084461212 0 0 0 0
0 0 0 0 -0.010284790769219398 0 0 0 0
0 0 0 0 0.012391683645546436 0 0 0 0
0 0 0 0 0.010853764601051807 0 0 0 0
0 0 0 0 -0.0168094951659441 0 0 0 0
0 0 0 0 -0.007972326129674911 0 0 0 0
0 0 0 0 0.005273208487778902 0 0 0 0
0 0 0 0 -0.014250480569899082 0 0 0 0
0 0 0 0 0.044782910495996475 0 0 0 0
0 0 0 0 -0.00522823678329587 0 0 0 0
0 0 0 0 -0.0636046901345253 0 0 0 0
0 0 0 0 0.027854161337018013 0 0 0 0
0 0 0 0 -0.037141717970371246 0 0 0 0
0 0 0 0 -0.035365551710128784 0 0 0 0
0 0 0 0 0.08804114907979965 0 0 0 0
0 0 0 0 -0.04485882818698883 0 0 0 0
0 0 0 0 0.027123725041747093 0 0 0 0
0 0 0 0 -0.03172880411148071 0 0 0 0
0 0 0 0 -0.0342785082757473 0 0 0 0
0 0 0 0 -0.012831353582441807 0 0 0 0
0 0 0 0 0.023953009396791458 0 0 0 0
0 0 0 0 0.04182992875576019 0 0 0 0
0 0 0 0 0.014198100194334984 0 0 0 0
0 0 0 0 -0.018621215596795082 0 0 0 0
0 0 0 0 -0.0014040404930710793 0 0 0 0
0 0 0 0 0.02112656459212303 0 0 0 0
0 0 0 0 -0.007879499346017838 0 0 0 0
0 0 0 0 -0.03483882173895836 0 0 0 0
0 0 0 0 -0.031434424221515656 0 0 0 0
0 0 0 0 -0.004077988211065531 0 0 0 0
0 0 0 0 0.005490222945809364 0 0 0 0
0 0 0 0 -0.014404652640223503 0 0 0 0
0 0 0 0 -0.03953453525900841 0 0 0 0
0 0 0 0 0.00527833541855216 0 0 0 0
0 0 0 0 -0.04576916992664337 0 0 0 0
0 0 0 0 -0.06980028748512268 0 0 0 0
0 0 0 0 0.039007335901260376 0 0 0 0
0 0 0 0 0.04019414260983467 0 0 0 0
0 0 0 0 -0.017703279852867126 0 0 0 0
0 0 0 0 0.02494572475552559 0 0 0 0
0 0 0 0 -0.04961699992418289 0 0 0 0
0 0 0 0 -0.008767723105847836 0 0 0 0
0 0 0 0 -0.01801971346139908 0 0 0 0
0 0 0 0 0.009521099738776684 0 0 0 0
0 0 0 0 0.0019689470063894987 0 0 0 0
0 0 0 0 0.0048269471153616905 0 0 0 0
0 0 0 0 -0.01996135339140892 0 0 0 0
0 0 0 0 -0.006252418737858534 0 0 0 0
0 0 0 0 -0.020007215440273285 0 0 0 0
0 0 0 0 0.06401268392801285 0 0 0 0
0 0 0 0 0.056625913828611374 0 0 0 0
0 0 0 0 0.026546191424131393 0 0 0 0
0 0 0 0 -0.08253180980682373 0 0 0 0
0 0 0 0 0.06841679662466049 0 0 0 0
0 0 0 0 -0.014115894213318825 0 0 0 0
0 0 0 0 -0.006273600272834301 0 0 0 0
0 0 0 0 -0.0016262292629107833 0 0 0 0
0 0 0 0 -0.010836737230420113 0 0 0 0
0 0 0 0 0.02523152530193329 0 0 0 0
0 0 0 0 -0.024176200851798058 0 0 0 0
0 0 0 0 0.06556910276412964 0 0 0 0
0 0 0 0 -0.011991721577942371 0 0 0 0
0 0 0 0 -0.07966885715723038 0 0 0 0
0 0 0 0 -0.03507711738348007 0 0 0 0
0 0 0 0 0.022028623148798943 0 0 0 0
0 0 0 0 -0.10650324821472168 0 0 0 0
0 0 0 0 0.020345674827694893 0 0 0 0
0 0 0 0 0.06772960722446442 0 0 0 0
0 0 0 0 -0.023324867710471153 0 0 0 0
0 0 0 0 0.009770343080163002 0 0 0 0
0 0 0 0 0.027229180559515953 0 0 0 0
0 0 0 0 0.06217384338378906 0 0 0 0
0 0 0 0 -0.010022190399467945 0 0 0 0
0 0 0 0 -0.04263732582330704 0 0 0 0
0 0 0 0 -0.0038910633884370327 0 0 0 0
0 0 0 0 0.012819371186196804 0 0 0 0
0 0 0 0 0.009480558335781097 0 0 0 0
0 0 0 0 -0.00967248622328043 0 0 0 0
0 0 0 0 0.027969948947429657 0 0 0 0
0 0 0 0 0.02876417152583599 0 0 0 0
0 0 0 0 0.021055661141872406 0 0 0 0
0 0 0 0 -0.01864224672317505 0 0 0 0
0 0 0 0 0.07151596248149872 0 0 0 0
0 0 0 0 0.011518629267811775 0 0 0 0
0 0 0 0 -0.03405017405748367 0 0 0 0
0 0 0 0 -0.0003833850205410272 0 0 0 0
0 0 0 0 -0.07369822263717651 0 0 0 0
0 0 0 0 0.05092574283480644 0 0 0 0
0 0 0 0 -0.10569147020578384 0 0 0 0
0 0 0 0 -0.0010423626517876983 0 0 0 0
0 0 0 0 0.0017307137604802847 0 0 0 0
0 0 0 0 0.02001904509961605 0 0 0 0
0 0 0 0 0.03051220253109932 0 0 0 0
0 0 0 0 -0.01472474541515112 0 0 0 0
0 0 0 0 0.031249085441231728 0 0 0 0
0 0 0 0 0.050970129668712616 0 0 0 0
0 0 0 0 0.05821291357278824 0 0 0 0
0 0 0 0 -0.02378631941974163 0 0 0 0
0 0 0 0 -0.0854208767414093 0 0 0 0
0 0 0 0 -0.037281423807144165 0 0 0 0
0 0 0 0 0.0020329051185399294 0 0 0 0
0 0 0 0 0.020867878571152687 0 0 0 0
0 0 0 0 0.08168449252843857 0 0 0 0
0 0 0 0 0.03357797488570213 0 0 0 0
0 0 0 0 -0.01685774326324463 0 0 0 0
0 0 0 0 -0.03494966775178909 0 0 0 0
0 0 0 0 -0.06331104785203934 0 0 0 0
0 0 0 0 0.015092391520738602 0 0 0 0
0 0 0 0 0.017679808661341667 0 0 0 0
0 0 0 0 -0.05703096091747284 0 0 0 0
0 0 0 0 -0.020843254402279854 0 0 0 0
0 0 0 0 -0.044712524861097336 0 0 0 0
0 0 0 0 -0.04398944601416588 0 0 0 0
0 0 0 0 -0.09162614494562149 0 0 0 0
0 0 0 0 0.025411589071154594 0 0 0 0
0 0 0 0 -0.006517275236546993 0 0 0 0
0 0 0 0 -0.025041159242391586 0 0 0 0
0 0 0 0 0.029255274683237076 0 0 0 0
0 0 0 0 -0.06481195241212845 0 0 0 0
0 0 0 0 0.04588104039430618 0 0 0 0
0 0 0 0 -0.06582190096378326 0 0 0 0
0 0 0 0 -0.07868608087301254 0 0 0 0
0 0 0 0 -0.019556980580091476 0 0 0 0
0 0 0 0 0.0021867328323423862 0 0 0 0
0 0 0 0 0.015167312696576118 0 0 0 0
0 0 0 0 0.024148672819137573 0 0 0 0
0 0 0 0 -0.025193460285663605 0 0 0 0
0 0 0 0 -0.02346883714199066 0 0 0 0
0 0 0 0 0.03904375061392784 0 0 0 0
0 0 0 0 -0.09062405675649643 0 0 0 0
0 0 0 0 -0.031999099999666214 0 0 0 0
0 0 0 0 -0.044662848114967346 0 0 0 0
0 0 0 0 0.007309017237275839 0 0 0 0
0 0 0 0 -0.05749952048063278 0 0 0 0
0 0 0 0 -0.018688740208745003 0 0 0 0
0 0 0 0 -0.010698918253183365 0 0 0 0
0 0 0 0 0.005828975699841976 0 0 0 0
0 0 0 0 0.021132638677954674 0 0 0 0
0 0 0 0 -0.019156439229846 0 0 0 0
0 0 0 0 -0.030240043997764587 0 0 0 0
0 0 0 0 0.02115803398191929 0 0 0 0
0 0 0 0 -0.09390612691640854 0 0 0 0
0 0 0 0 -0.0717056468129158 0 0 0 0
0 0 0 0 0.0206746868789196 0 0 0 0
0 0 0 0 -0.03862464055418968 0 0 0 0
0 0 0 0 0.0217762291431427 0 0 0 0
0 0 0 0 -0.04397430270910263 0 0 0 0
0 0 0 0 -0.07089264690876007 0 0 0 0
0 0 0 0 0.03809764236211777 0 0 0 0
0 0 0 0 0.05044824630022049 0 0 0 0
0 0 0 0 -0.03740057721734047 0 0 0 0
0 0 0 0 -0.021502071991562843 0 0 0 0
0 0 0 0 -0.0408766008913517 0 0 0 0
0 0 0 0 0.01930967904627323 0 0 0 0
0 0 0 0 -0.01228802464902401 0 0 0 0
0 0 0 0 -0.06350289285182953 0 0 0 0
0 0 0 0 0.06666059046983719 0 0 0 0
0 0 0 0 -0.03254783898591995 0 0 0 0
0 0 0 0 -0.03581710532307625 0 0 0 0
0 0 0 0 0.023944856598973274 0 0 0 0
0 0 0 0 -0.04265858232975006 0 0 0 0
0 0 0 0 -0.02409578301012516 0 0 0 0
0 0 0 0 0.02844633162021637 0 0 0 0
0 0 0 0 -0.005688046105206013 0 0 0 0
0 0 0 0 0.03545565530657768 0 0 0 0
0 0 0 0 0.014335274696350098 0 0 0 0
0 0 0 0 -0.06250646710395813 0 0 0 0
0 0 0 0 0.034074243158102036 0 0 0 0
0 0 0 0 -0.015710972249507904 0 0 0 0
0 0 0 0 0.08379006385803223 0 0 0 0
0 0 0 0 -0.09659884870052338 0 0 0 0
0 0 0 0 -0.04829716309905052 0 0 0 0
0 0 0 0 -0.052726659923791885 0 0 0 0
0 0 0 0 -0.004205856006592512 0 0 0 0
0 0 0 0 -0.005789388902485371 0 0 0 0
0 0 0 0 -0.011039855889976025 0 0 0 0
0 0 0 0 0.035582397133111954 0 0 0 0
0 0 0 0 -0.07710304856300354 0 0 0 0
0 0 0 0 0.023450564593076706 0 0 0 0
0 0 0 0 -0.008194370195269585 0 0 0 0
0 0 0 0 -0.03127295523881912 0 0 0 0
0 0 0 0 0.04209563136100769 0 0 0 0
0 0 0 0 -0.07030283659696579 0 0 0 0
0 0 0 0 0.01803264580667019 0 0 0 0
0 0 0 0 0.02222459577023983 0 0 0 0
0 0 0 0 0.09066618233919144 0 0 0 0
0 0 0 0 0.020688839256763458 0 0 0 0
0 0 0 0 -0.07352825254201889 0 0 0 0
0 0 0 0 0.05732716619968414 0 0 0 0
0 0 0 0 0.015397371724247932 0 0 0 0
0 0 0 0 -0.10090574622154236 0 0 0 0
0 0 0 0 -0.030437152832746506 0 0 0 0
0 0 0 0 -0.0011328046675771475 0 0 0 0
0 0 0 0 0.048632074147462845 0 0 0 0
0 0 0 0 -0.0006992441485635936 0 0 0 0
0 0 0 0 -0.1403982788324356 0 0 0 0
0 0 0 0 0.04224308580160141 0 0 0 0
0 0 0 0 -0.03254254162311554 0 0 0 0
0 0 0 0 -0.037415262311697006 0 0 0 0
0 0 0 0 0.013135213404893875 0 0 0 0
0 0 0 0 -0.018801644444465637 0 0 0 0
0 0 0 0 -0.06915288418531418 0 0 0 0
0 0 0 0 -0.13168014585971832 0 0 0 0
0 0 0 0 -0.024122457951307297 0 0 0 0
0 0 0 0 -0.021572409197688103 0 0 0 0
0 0 0 0 -0.056945882737636566 0 0 0 0
0 0 0 0 -0.05326094105839729 0 0 0 0
0 0 0 0 0.0076508475467562675 0 0 0 0
0 0 0 0 -0.031317487359046936 0 0 0 0
0 0 0 0 0.0316435731947422 0 0 0 0
0 0 0 0 0.05329667031764984 0 0 0 0
0 0 0 0 -0.045246671885252 0 0 0 0
0 0 0 0 -0.03225155547261238 0 0 0 0
0 0 0 0 -0.022100461646914482 0 0 0 0
0 0 0 0 -0.10656388849020004 0 0 0 0
0 0 0 0 0.012199558317661285 0 0 0 0
0 0 0 0 0.006646345369517803 0 0 0 0
0 0 0 0 -0.017019659280776978 0 0 0 0
0 0 0 0 -0.010452179238200188 0 0 0 0
0 0 0 0 0.016076071187853813 0 0 0 0
0 0 0 0 -0.03779654577374458 0 0 0 0
0 0 0 0 -0.028256576508283615 0 0 0 0
0 0 0 0 0.048819947987794876 0 0 0 0
0 0 0 0 0.13350006937980652 0 0 0 0
0 0 0 0 -0.04867878556251526 0 0 0 0
0 0 0 0 -0.03267241641879082 0 0 0 0
0 0 0 0 0.05684666708111763 0 0 0 0
0 0 0 0 0.03004777431488037 0 0 0 0
0 0 0 0 0.03582826256752014 0 0 0 0
0 0 0 0 -0.03012431226670742 0 0 0 0
0 0 0 0 0.05695417895913124 0 0 0 0
0 0 0 0 -0.037941254675388336 0 0 0 0
0 0 0 0 -0.054232217371463776 0 0 0 0
0 0 0 0 -0.01499927043914795 0 0 0 0
0 0 0 0 -0.042054787278175354 0 0 0 0
0 0 0 0 0.01804845593869686 0 0 0 0
0 0 0 0 -0.009092509746551514 0 0 0 0
0 0 0 0 -0.0300174281001091 0 0 0 0
0 0 0 0 0.12834171950817108 0 0 0 0
0 0 0 0 0.035276588052511215 0 0 0 0
0 0 0 0 -0.053441207855939865 0 0 0 0
0 0 0 0 0.060942795127630234 0 0 0 0
0 0 0 0 -0.05596758797764778 0 0 0 0
0 0 0 0 -0.04489225894212723 0 0 0 0
0 0 0 0 -0.0348375178873539 0 0 0 0
0 0 0 0 -0.07498276978731155 0 0 0 0
0 0 0 0 0.018511977046728134 0 0 0 0
0 0 0 0 0.12083297222852707 0 0 0 0
0 0 0 0 0.09323486685752869 0 0 0 0
0 0 0 0 0.007318207528442144 0 0 0 0
0 0 0 0 0.08010204136371613 0 0 0 0
0 0 0 0 -0.029733896255493164 0 0 0 0
0 0 0 0 -0.04139365628361702 0 0 0 0
0 0 0 0 0.02237812429666519 0 0 0 0
0 0 0 0 -0.01869806833565235 0 0 0 0
0 0 0 0 -0.014890148304402828 0 0 0 0
0 0 0 0 -0.0059319972060620785 0 0 0 0
0 0 0 0 0.03131665661931038 0 0 0 0
0 0 0 0 -0.03791376203298569 0 0 0 0
0 0 0 0 -0.030466673895716667 0 0 0 0
0 0 0 0 -0.0412403903901577 0 0 0 0
0 0 0 0 0.09244707971811295 0 0 0 0
0 0 0 0 -0.004884006921201944 0 0 0 0
0 0 0 0 -0.006287439726293087 0 0 0 0
0 0 0 0 -0.004757895600050688 0 0 0 0
0 0 0 0 0.07940767705440521 0 0 0 0
0 0 0 0 0.0010180971585214138 0 0 0 0
0 0 0 0 -0.009733769111335278 0 0 0 0
0 0 0 0 -0.015689648687839508 0 0 0 0
0 0 0 0 0.11418700218200684 0 0 0 0
0 0 0 0 0.048312533646821976 0 0 0 0
0 0 0 0 0.0729406401515007 0 0 0 0
0 0 0 0 0.03835899010300636 0 0 0 0
0 0 0 0 -0.09417325258255005 0 0 0 0
0 0 0 0 -0.03920598700642586 0 0 0 0
0 0 0 0 -0.01780414953827858 0 0 0 0
0 0 0 0 0.019553638994693756 0 0 0 0
0 0 0 0 0.02061515673995018 0 0 0 0
0 0 0 0 -0.09009173512458801 0 0 0 0
0 0 0 0 0.014723744243383408 0 0 0 0
0 0 0 0 -0.06818722933530807 0 0 0 0
0 0 0 0 0.04056471958756447 0 0 0 0
0 0 0 0 -0.00485560717061162 0 0 0 0
0 0 0 0 -0.018230505287647247 0 0 0 0
0 0 0 0 0.006217703688889742 0 0 0 0
0 0 0 0 -0.0093033192679286 0 0 0 0
0 0 0 0 -0.018558595329523087 0 0 0 0
0 0 0 0 -0.01321285031735897 0 0 0 0
0 0 0 0 -0.023026954382658005 0 0 0 0
0 0 0 0 -0.04577557370066643 0 0 0 0
0 0 0 0 -0.03762504830956459 0 0 0 0
0 0 0 0 0.000892988929990679 0 0 0 0
0 0 0 0 -0.0761176124215126 0 0 0 0
0 0 0 0 -0.03675108030438423 0 0 0 0
0 0 0 0 -0.034756701439619064 0 0 0 0
0 0 0 0 -0.04567316547036171 0 0 0 0
0 0 0 0 0.02535243332386017 0 0 0 0
0 0 0 0 0.03757958114147186 0 0 0 0
0 0 0 0 -0.02382226288318634 0 0 0 0
0 0 0 0 0.003463356290012598 0 0 0 0
0 0 0 0 0.027231914922595024 0 0 0 0
0 0 0 0 0.03288239240646362 0 0 0 0
0 0 0 0 -0.09667426347732544 0 0 0 0
0 0 0 0 -0.014825454913079739 0 0 0 0
0 0 0 0 0.05396893620491028 0 0 0 0
0 0 0 0 -0.0887611135840416 0 0 0 0
0 0 0 0 -0.040145039558410645 0 0 0 0
0 0 0 0 0.06008611619472504 0 0 0 0
0 0 0 0 0.04140118882060051 0 0 0 0
0 0 0 0 0.054814450442790985 0 0 0 0
0 0 0 0 -0.050664208829402924 0 0 0 0
0 0 0 0 0.036038998514413834 0 0 0 0
0 0 0 0 -0.0071750967763364315 0 0 0 0
0 0 0 0 -0.009874105453491211 0 0 0 0
0 0 0 0 -0.017826726660132408 0 0 0 0
0 0 0 0 -0.01809702068567276 0 0 0 0
0 0 0 0 -0.017288481816649437 0 0 0 0
0 0 0 0 0.01115028653293848 0 0 0 0
0 0 0 0 -0.0040758694522082806 0 0 0 0
0 0 0 0 -0.06159636750817299 0 0 0 0
0 0 0 0 -0.05315432697534561 0 0 0 0
0 0 0 0 0.004293653182685375 0 0 0 0
0 0 0 0 -0.023550933226943016 0 0 0 0
0 0 0 0 -0.05858900770545006 0 0 0 0
0 0 0 0 -0.08908338844776154 0 0 0 0
0 0 0 0 -0.04559383913874626 0 0 0 0
0 0 0 0 -0.06131527200341225 0 0 0 0
0 0 0 0 0.018335115164518356 0 0 0 0
0 0 0 0 -0.04660111293196678 0 0 0 0
0 0 0 0 -0.07683313637971878 0 0 0 0
0 0 0 0 -0.07430606335401535 0 0 0 0
0 0 0 0 -0.0028310471680015326 0 0 0 0
0 0 0 0 -0.029378043487668037 0 0 0 0
0 0 0 0 0.04329472780227661 0 0 0 0
0 0 0 0 0.036039095371961594 0 0 0 0
0 0 0 0 -0.004360647406429052 0 0 0 0
0 0 0 0 0.04362635314464569 0 0 0 0
0 0 0 0 -0.06047749146819115 0 0 0 0
0 0 0 0 -0.03222864866256714 0 0 0 0
0 0 0 0 0.03762871399521828 0 0 0 0
0 0 0 0 -0.015094133093953133 0 0 0 0
0 0 0 0 -0.001471513882279396 0 0 0 0
0 0 0 0 -0.05714193731546402 0 0 0 0
0 0 0 0 -0.022881928831338882 0 0 0 0
0 0 0 0 -0.0443837009370327 0 0 0 0
0 0 0 0 0.10351625084877014 0 0 0 0
0 0 0 0 0.005078406538814306 0 0 0 0
0 0 0 0 -0.029822463169693947 0 0 0 0
0 0 0 0 -0.0903991237282753 0 0 0 0
0 0 0 0 0.09944957494735718 0 0 0 0
0 0 0 0 -0.03589271754026413 0 0 0 0
0 0 0 0 -0.033473361283540726 0 0 0 0
0 0 0 0 -0.06355510652065277 0 0 0 0
0 0 0 0 0.041633617132902145 0 0 0 0
0 0 0 0 0.007444649934768677 0 0 0 0
0 0 0 0 -0.0990438237786293 0 0 0 0
0 0 0 0 -0.034900639206171036 0 0 0 0
0 0 0 0 0.0681842640042305 0 0 0 0
0 0 0 0 0.05636916682124138 0 0 0 0
0 0 0 0 -0.025086939334869385 0 0 0 0
0 0 0 0 0.002756496425718069 0 0 0 0
0 0 0 0 0.03372589871287346 0 0 0 0
0 0 0 0 0.00748647702857852 0 0 0 0
0 0 0 0 -0.05350722745060921 0 0 0 0
0 0 0 0 -0.04526343569159508 0 0 0 0
0 0 0 0 -0.041925061494112015 0 0 0 0
0 0 0 0 -0.02427477203309536 0 0 0 0
0 0 0 0 0.029528643935918808 0 0 0 0
0 0 0 0 -0.051141541451215744 0 0 0 0
0 0 0 0 0.05553217977285385 0 0 0 0
0 0 0 0 0.051447924226522446 0 0 0 0
0 0 0 0 -0.035823918879032135 0 0 0 0
0 0 0 0 -0.02685893140733242 0 0 0 0
0 0 0 0 0.09897074848413467 0 0 0 0
0 0 0 0 0.1442672312259674 0 0 0 0
0 0 0 0 0.04985285922884941 0 0 0 0
0 0 0 0 -0.0925808846950531 0 0 0 0
0 0 0 0 0.04255826771259308 0 0 0 0
0 0 0 0 0.055898211896419525 0 0 0 0
0 0 0 0 0.00941477157175541 0 0 0 0
0 0 0 0 0.03412455692887306 0 0 0 0
0 0 0 0 0.04865572229027748 0 0 0 0
0 0 0 0 -0.016562489792704582 0 0 0 0
0 0 0 0 0.01251992303878069 0 0 0 0
0 0 0 0 0.014492807909846306 0 0 0 0
0 0 0 0 -0.01654943637549877 0 0 0 0
0 0 0 0 -0.022953970357775688 0 0 0 0
0 0 0 0 0.013288851827383041 0 0 0 0
0 0 0 0 0.034083545207977295 0 0 0 0
0 0 0 0 -0.015515854582190514 0 0 0 0
0 0 0 0 0.016713924705982208 0 0 0 0
0 0 0 0 0.055497150868177414 0 0 0 0
0 0 0 0 0.0129234092310071 0 0 0 0
0 0 0 0 -0.07189973443746567 0 0 0 0
0 0 0 0 -0.02795383520424366 0 0 0 0
0 0 0 0 0.0786975622177124 0 0 0 0
0 0 0 0 0.07727265357971191 0 0 0 0
0 0 0 0 0.0052527012303471565 0 0 0 0
0 0 0 0 0.023537607863545418 0 0 0 0
0 0 0 0 0.030927706509828568 0 0 0 0
0 0 0 0 -0.002330799587070942 0 0 0 0
0 0 0 0 0.006011475808918476 0 0 0 0
0 0 0 0 -0.012362460605800152 0 0 0 0
0 0 0 0 0.07397090643644333 0 0 0 0
0 0 0 0 0.05214718356728554 0 0 0 0
0 0 0 0 -0.09805260598659515 0 0 0 0
0 0 0 0 -0.12587431073188782 0 0 0 0
0 0 0 0 0.0009928857907652855 0 0 0 0
0 0 0 0 -0.035443615168333054 0 0 0 0
0 0 0 0 -0.0018260208889842033 0 0 0 0
0 0 0 0 0.010737684555351734 0 0 0 0
0 0 0 0 -0.025702906772494316 0 0 0 0
0 0 0 0 0.009043111465871334 0 0 0 0
0 0 0 0 0.0073127103969454765 0 0 0 0
0 0 0 0 -0.06613914668560028 0 0 0 0
0 0 0 0 -0.02658718079328537 0 0 0 0
0 0 0 0 0.03694714233279228 0 0 0 0
0 0 0 0 0.0206459928303957 0 0 0 0
0 0 0 0 0.038168661296367645 0 0 0 0
0 0 0 0 0.010661785490810871 0 0 0 0
0 0 0 0 -0.06359220296144485 0 0 0 0
0 0 0 0 0.04589119181036949 0 0 0 0
0 0 0 0 0.04746418446302414 0 0 0 0
0 0 0 0 -0.01250050961971283 0 0 0 0
0 0 0 0 0.07537689805030823 0 0 0 0
0 0 0 0 0.06872211396694183 0 0 0 0
0 0 0 0 0.016264813020825386 0 0 0 0
0 0 0 0 -0.01987219788134098 0 0 0 0
0 0 0 0 0.04727316275238991 0 0 0 0
0 0 0 0 0.008753946982324123 0 0 0 0
0 0 0 0 -0.09712114185094833 0 0 0 0
0 0 0 0 0.06436540931463242 0 0 0 0
0 0 0 0 0.023598743602633476 0 0 0 0
0 0 0 0 -0.029739348217844963 0 0 0 0
0 0 0 0 -0.0052369823679327965 0 0 0 0
0 0 0 0 0.03200859576463699 0 0 0 0
0 0 0 0 0.01675744540989399 0 0 0 0
0 0 0 0 -0.028767235577106476 0 0 0 0
0 0 0 0 -0.0296720489859581 0 0 0 0
0 0 0 0 0.034413326531648636 0 0 0 0
0 0 0 0 -0.040321141481399536 0 0 0 0
0 0 0 0 0.032021746039390564 0 0 0 0
0 0 0 0 0.05791173875331879 0 0 0 0
0 0 0 0 0.05335457623004913 0 0 0 0
0 0 0 0 -0.09664881229400635 0 0 0 0
0 0 0 0 -0.001493541756644845 0 0 0 0
0 0 0 0 -0.03772462159395218 0 0 0 0
0 0 0 0 0.04674307256937027 0 0 0 0
0 0 0 0 -0.072126105427742 0 0 0 0
0 0 0 0 -0.04932502657175064 0 0 0 0
0 0 0 0 -0.014744950458407402 0 0 0 0
0 0 0 0 0.0031762542203068733 0 0 0 0
0 0 0 0 -0.023693872615695 0 0 0 0
0 0 0 0 -0.0023297907318919897 0 0 0 0
0 0 0 0 0.07079366594552994 0 0 0 0
0 0 0 0 0.008526568301022053 0 0 0 0
0 0 0 0 0.001996851060539484 0 0 0 0
0 0 0 0 -0.044256728142499924 0 0 0 0
0 0 0 0 -0.01246192678809166 0 0 0 0
0 0 0 0 -0.012079923413693905 0 0 0 0
0 0 0 0 0.01792442798614502 0 0 0 0
0 0 0 0 0.044524721801280975 0 0 0 0
0 0 0 0 0.005512025207281113 0 0 0 0
0 0 0 0 -0.08647961169481277 0 0 0 0
0 0 0 0 -0.020739374682307243 0 0 0 0
0 0 0 0 -0.10654501616954803 0 0 0 0
0 0 0 0 -0.05841073766350746 0 0 0 0
0 0 0 0 0.04982007294893265 0 0 0 0
0 0 0 0 0.019636567682027817 0 0 0 0
0 0 0 0 -0.0645696222782135 0 0 0 0
0 0 0 0 -0.02237134613096714 0 0 0 0
0 0 0 0 0.010688594542443752 0 0 0 0
0 0 0 0 0.01153621170669794 0 0 0 0
0 0 0 0 0.037789542227983475 0 0 0 0
0 0 0 0 -9.916051931213588e-05 0 0 0 0
0 0 0 0 -0.12366510927677155 0 0 0 0
0 0 0 0 0.009260193444788456 0 0 0 0
0 0 0 0 0.023220902308821678 0 0 0 0
0 0 0 0 -0.01164170727133751 0 0 0 0
0 0 0 0 0.028566546738147736 0 0 0 0
0 0 0 0 0.03340407833456993 0 0 0 0
0 0 0 0 -0.00591209577396512 0 0 0 0
0 0 0 0 0.02508263848721981 0 0 0 0
0 0 0 0 -0.011782021261751652 0 0 0 0
0 0 0 0 0.01055021584033966 0 0 0 0
0 0 0 0 0.005859559867531061 0 0 0 0
0 0 0 0 0.030952326953411102 0 0 0 0
0 0 0 0 0.1345805525779724 0 0 0 0
0 0 0 0 0.01846637949347496 0 0 0 0
0 0 0 0 -0.048865653574466705 0 0 0 0
0 0 0 0 -0.013047393411397934 0 0 0 0
0 0 0 0 0.01879195123910904 0 0 0 0
0 0 0 0 0.02706831321120262 0 0 0 0
0 0 0 0 -0.08852346986532211 0 0 0 0
0 0 0 0 -0.040125854313373566 0 0 0 0
0 0 0 0 0.04481867328286171 0 0 0 0
0 0 0 0 0.03533395007252693 0 0 0 0
0 0 0 0 0.08375443518161774 0 0 0 0
0 0 0 0 0.025900859385728836 0 0 0 0
0 0 0 0 0.03240388259291649 0 0 0 0
0 0 0 0 0.053513821214437485 0 0 0 0
0 0 0 0 -0.07523932307958603 0 0 0 0
0 0 0 0 -0.07250615954399109 0 0 0 0
0 0 0 0 -0.0384000688791275 0 0 0 0
0 0 0 0 0.010071615688502789 0 0 0 0
0 0 0 0 0.04750233143568039 0 0 0 0
0 0 0 0 -0.01995440572500229 0 0 0 0
0 0 0 0 0.010974624194204807 0 0 0 0
0 0 0 0 -0.018710032105445862 0 0 0 0
0 0 0 0 -0.023775199428200722 0 0 0 0
0 0 0 0 0.005965523421764374 0 0 0 0
0 0 0 0 -0.022457268089056015 0 0 0 0
0 0 0 0 -0.0339256189763546 0 0 0 0
0 0 0 0 0.12394151836633682 0 0 0 0
0 0 0 0 -0.02543092705309391 0 0 0 0
0 0 0 0 0.01520121656358242 0 0 0 0
0 0 0 0 -0.0040741730481386185 0 0 0 0
0 0 0 0 0.02730274759232998 0 0 0 0
0 0 0 0 0.020611895248293877 0 0 0 0
0 0 0 0 0.003093348816037178 0 0 0 0
0 0 0 0 -0.04739538952708244 0 0 0 0
0 0 0 0 -0.07549052685499191 0 0 0 0
0 0 0 0 -0.02140931226313114 0 0 0 0
0 0 0 0 -0.003740444080904126 0 0 0 0
0 0 0 0 -0.02667701430618763 0 0 0 0
0 0 0 0 -0.03942443057894707 0 0 0 0
0 0 0 0 0.002074290532618761 0 0 0 0
0 0 0 0 -0.032942675054073334 0 0 0 0
0 0 0 0 -0.02863013930618763 0 0 0 0
0 0 0 0 0.03580199554562569 0 0 0 0
0 0 0 0 0.015353106893599033 0 0 0 0
0 0 0 0 -0.0677562952041626 0 0 0 0
0 0 0 0 -0.10028963536024094 0 0 0 0
0 0 0 0 0.03035646677017212 0 0 0 0
0 0 0 0 -0.021125949919223785 0 0 0 0
0 0 0 0 -0.020855890586972237 0 0 0 0
0 0 0 0 -0.04288807883858681 0 0 0 0
0 0 0 0 -0.09370045363903046 0 0 0 0
0 0 0 0 -0.02833576872944832 0 0 0 0
0 0 0 0 -0.004921556916087866 0 0 0 0
0 0 0 0 0.04096945375204086 0 0 0 0
0 0 0 0 0.027266208082437515 0 0 0 0
0 0 0 0 -0.06012566015124321 0 0 0 0
0 0 0 0 0.05811299756169319 0 0 0 0
0 0 0 0 -0.025761431083083153 0 0 0 0
0 0 0 0 -0.010536840185523033 0 0 0 0
0 0 0 0 -0.02122725546360016 0 0 0 0
0 0 0 0 0.11830750852823257 0 0 0 0
0 0 0 0 0.0384494811296463 0 0 0 0
0 0 0 0 0.044757843017578125 0 0 0 0
0 0 0 0 -0.05068524181842804 0 0 0 0
0 0 0 0 -0.007397867273539305 0 0 0 0
0 0 0 0 -0.03893972933292389 0 0 0 0
0 0 0 0 -0.014867020770907402 0 0 0 0
0 0 0 0 -0.07196211069822311 0 0 0 0
0 0 0 0 -0.03752371668815613 0 0 0 0
0 0 0 0 0.04029311612248421 0 0 0 0
0 0 0 0 -0.05461977422237396 0 0 0 0
0 0 0 0 -0.10253894329071045 0 0 0 0
0 0 0 0 0.0321366973221302 0 0 0 0
0 0 0 0 -0.05908125266432762 0 0 0 0
0 0 0 0 -0.0328466072678566 0 0 0 0
0 0 0 0 -0.04495294392108917 0 0 0 0
0 0 0 0 -0.0682375356554985 0 0 0 0
0 0 0 0 -0.038947511464357376 0 0 0 0
0 0 0 0 -0.017366675660014153 0 0 0 0
0 0 0 0 -0.06847935914993286 0 0 0 0
0 0 0 0 -0.012121838517487049 0 0 0 0
0 0 0 0 -0.048455603420734406 0 0 0 0
0 0 0 0 0.01523458119481802 0 0 0 0
0 0 0 0 0.01810554973781109 0 0 0 0
0 0 0 0 -0.0383978895843029 0 0 0 0
0 0 0 0 -0.0304295364767313 0 0 0 0
0 0 0 0 -0.007081627380102873 0 0 0 0
0 0 0 0 -0.023766346275806427 0 0 0 0
0 0 0 0 0.035206716507673264 0 0 0 0
0 0 0 0 -0.014228859916329384 0 0 0 0
0 0 0 0 0.011195272207260132 0 0 0 0
0 0 0 0 0.07247155159711838 0 0 0 0
0 0 0 0 0.010886885225772858 0 0 0 0
0 0 0 0 -0.07968074083328247 0 0 0 0
0 0 0 0 -0.011213259771466255 0 0 0 0
0 0 0 0 0.11232839524745941 0 0 0 0
0 0 0 0 0.016653480008244514 0 0 0 0
0 0 0 0 -0.04423098638653755 0 0 0 0
0 0 0 0 -0.04018592834472656 0 0 0 0
0 0 0 0 -0.03950871154665947 0 0 0 0
0 0 0 0 0.09037362039089203 0 0 0 0
0 0 0 0 0.03250393643975258 0 0 0 0
0 0 0 0 0.08294416218996048 0 0 0 0
0 0 0 0 0.05779895558953285 0 0 0 0
0 0 0 0 -0.03220938891172409 0 0 0 0
0 0 0 0 0.03933225944638252 0 0 0 0
0 0 0 0 0.004814125131815672 0 0 0 0
0 0 0 0 -0.010894431732594967 0 0 0 0
0 0 0 0 -0.011694611981511116 0 0 0 0
0 0 0 0 -0.00768607622012496 0 0 0 0
0 0 0 0 -0.08320897817611694 0 0 0 0
0 0 0 0 0.02324024774134159 0 0 0 0
0 0 0 0 0.11497849971055984 0 0 0 0
0 0 0 0 0.04312549903988838 0 0 0 0
0 0 0 0 0.008391588926315308 0 0 0 0
0 0 0 0 -0.025854753330349922 0 0 0 0
0 0 0 0 -0.012919152155518532 0 0 0 0
0 0 0 0 -0.024094417691230774 0 0 0 0
0 0 0 0 0.06361495703458786 0 0 0 0
0 0 0 0 0.05960521101951599 0 0 0 0
0 0 0 0 -0.017727922648191452 0 0 0 0
0 0 0 0 0.005094253458082676 0 0 0 0
0 0 0 0 0.009110326878726482 0 0 0 0
0 0 0 0 -0.0339834988117218 0 0 0 0
0 0 0 0 -0.0015973737463355064 0 0 0 0
0 0 0 0 -0.0020933051127940416 0 0 0 0
0 0 0 0 -0.023109769448637962 0 0 0 0
0 0 0 0 -0.05157199501991272 0 0 0 0
0 0 0 0 0.007015688344836235 0 0 0 0
0 0 0 0 -0.04475691169500351 0 0 0 0
0 0 0 0 -0.030588829889893532 0 0 0 0
0 0 0 0 0.023520519956946373 0 0 0 0
0 0 0 0 -0.06792308390140533 0 0 0 0
0 0 0 0 0.008602186106145382 0 0 0 0
0 0 0 0 -0.04449496045708656 0 0 0 0
0 0 0 0 -0.019567230716347694 0 0 0 0
0 0 0 0 0.04084095358848572 0 0 0 0
0 0 0 0 -0.05089714005589485 0 0 0 0
0 0 0 0 -0.11052362620830536 0 0 0 0
0 0 0 0 -0.005598108284175396 0 0 0 0
0 0 0 0 0.026677045971155167 0 0 0 0
0 0 0 0 0.03336680307984352 0 0 0 0
0 0 0 0 -0.027241135016083717 0 0 0 0
0 0 0 0 -0.018132776021957397 0 0 0 0
0 0 0 0 -0.006706940941512585 0 0 0 0
0 0 0 0 0.0035823637153953314 0 0 0 0
0 0 0 0 0.06892989575862885 0 0 0 0
0 0 0 0 0.038482535630464554 0 0 0 0
0 0 0 0 -0.02239231951534748 0 0 0 0
0 0 0 0 0.005560095421969891 0 0 0 0
0 0 0 0 -0.016952689737081528 0 0 0 0
0 0 0 0 -0.0025417953729629517 0 0 0 0
0 0 0 0 0.0018816710216924548 0 0 0 0
0 0 0 0 -0.019332855939865112 0 0 0 0
0 0 0 0 0.009718837216496468 0 0 0 0
0 0 0 0 0.05437599867582321 0 0 0 0
0 0 0 0 0.03134167194366455 0 0 0 0
0 0 0 0 -0.11294862627983093 0 0 0 0
0 0 0 0 0.05127209424972534 0 0 0 0
0 0 0 0 0.004421936348080635 0 0 0 0
0 0 0 0 0.05147801339626312 0 0 0 0
0 0 0 0 0.0612574964761734 0 0 0 0
0 0 0 0 -0.0493573360145092 0 0 0 0
0 0 0 0 -0.08797923475503922 0 0 0 0
0 0 0 0 0.06507527083158493 0 0 0 0
0 0 0 0 -0.0011062136618420482 0 0 0 0
0 0 0 0 -0.023483023047447205 0 0 0 0
0 0 0 0 -0.015673615038394928 0 0 0 0
0 0 0 0 -0.024302328005433083 0 0 0 0
0 0 0 0 0.13159029185771942 0 0 0 0
0 0 0 0 -0.05027347803115845 0 0 0 0
0 0 0 0 0.05829038470983505 0 0 0 0
0 0 0 0 0.04801127687096596 0 0 0 0
0 0 0 0 0.05646941065788269 0 0 0 0
0 0 0 0 -0.027704846113920212 0 0 0 0
0 0 0 0 -0.04993146285414696 0 0 0 0
0 0 0 0 -0.04296094924211502 0 0 0 0
0 0 0 0 -0.006399855483323336 0 0 0 0
0 0 0 0 -0.0271870419383049 0 0 0 0
0 0 0 0 -0.022892914712429047 0 0 0 0
0 0 0 0 -0.06685499846935272 0 0 0 0
0 0 0 0 0.026697134599089622 0 0 0 0
0 0 0 0 0.07604509592056274 0 0 0 0
0 0 0 0 -0.009792933240532875 0 0 0 0
0 0 0 0 -0.017675679177045822 0 0 0 0
0 0 0 0 0.06978292018175125 0 0 0 0
0 0 0 0 0.003191912081092596 0 0 0 0
0 0 0 0 -0.07982772588729858 0 0 0 0
0 0 0 0 -0.0847112387418747 0 0 0 0
0 0 0 0 0.033274199813604355 0 0 0 0
0 0 0 0 0.11973930150270462 0 0 0 0
0 0 0 0 0.016258282586932182 0 0 0 0
0 0 0 0 0.05745997279882431 0 0 0 0
0 0 0 0 0.03442327678203583 0 0 0 0
0 0 0 0 0.01073999609798193 0 0 0 0
0 0 0 0 -0.03964972123503685 0 0 0 0
0 0 0 0 0.031004855409264565 0 0 0 0
0 0 0 0 0.02470281906425953 0 0 0 0
0 0 0 0 0.034332275390625 0 0 0 0
0 0 0 0 -0.0901193916797638 0 0 0 0
0 0 0 0 -0.028706062585115433 0 0 0 0
0 0 0 0 -0.0006861012079752982 0 0 0 0
0 0 0 0 -0.06315407902002335 0 0 0 0
0 0 0 0 -0.021803824231028557 0 0 0 0
0 0 0 0 0.03192727267742157 0 0 0 0
0 0 0 0 -0.016350723803043365 0 0 0 0
0 0 0 0 -0.0011186726624146104 0 0 0 0
0 0 0 0 -0.017308324575424194 0 0 0 0
0 0 0 0 -0.05891720578074455 0 0 0 0
0 0 0 0 0.009491287171840668 0 0 0 0
0 0 0 0 -0.00011793252633651718 0 0 0 0
0 0 0 0 -0.048681192100048065 0 0 0 0
0 0 0 0 -0.048288699239492416 0 0 0 0
0 0 0 0 0.023103442043066025 0 0 0 0
0 0 0 0 -0.011521149426698685 0 0 0 0
0 0 0 0 0.029753558337688446 0 0 0 0
0 0 0 0 -0.1073683425784111 0 0 0 0
0 0 0 0 -0.07830165326595306 0 0 0 0
0 0 0 0 0.009494150057435036 0 0 0 0
0 0 0 0 -0.02259106934070587 0 0 0 0
0 0 0 0 0.08005980402231216 0 0 0 0
0 0 0 0 -0.050612352788448334 0 0 0 0
0 0 0 0 -0.026316212490200996 0 0 0 0
0 0 0 0 -0.0035007379483431578 0 0 0 0
0 0 0 0 0.07343610376119614 0 0 0 0
0 0 0 0 -0.051707807928323746 0 0 0 0
0 0 0 0 -0.051544368267059326 0 0 0 0
0 0 0 0 -0.014293927699327469 0 0 0 0
0 0 0 0 -0.0317678265273571 0 0 0 0
0 0 0 0 0.04074173793196678 0 0 0 0
0 0 0 0 0.0036333713214844465 0 0 0 0
0 0 0 0 -0.0003331652551423758 0 0 0 0
0 0 0 0 -0.029140030965209007 0 0 0 0
0 0 0 0 -0.007476945873349905 0 0 0 0
0 0 0 0 -0.047891028225421906 0 0 0 0
0 0 0 0 -0.06664719432592392 0 0 0 0
0 0 0 0 -0.037911057472229004 0 0 0 0
0 0 0 0 -0.03905027359724045 0 0 0 0
0 0 0 0 -0.10038412362337112 0 0 0 0
0 0 0 0 -0.0395214706659317 0 0 0 0
0 0 0 0 -0.015957636758685112 0 0 0 0
0 0 0 0 0.1464107632637024 0 0 0 0
0 0 0 0 0.03846276178956032 0 0 0 0
0 0 0 0 -0.06978058069944382 0 0 0 0
0 0 0 0 0.004864722955971956 0 0 0 0
0 0 0 0 0.018132979050278664 0 0 0 0
0 0 0 0 0.0849580317735672 0 0 0 0
0 0 0 0 -0.030422814190387726 0 0 0 0
0 0 0 0 -0.0025275717489421368 0 0 0 0
0 0 0 0 -0.014264327473938465 0 0 0 0
0 0 0 0 -0.003441294888034463 0 0 0 0
0 0 0 0 -0.021745076403021812 0 0 0 0
0 0 0 0 0.051450978964567184 0 0 0 0
0 0 0 0 -0.015282783657312393 0 0 0 0
0 0 0 0 -0.04358705133199692 0 0 0 0
0 0 0 0 -0.04952574148774147 0 0 0 0
0 0 0 0 0.10810419917106628 0 0 0 0
0 0 0 0 0.04742792248725891 0 0 0 0
0 0 0 0 0.027291370555758476 0 0 0 0
0 0 0 0 0.005725367460399866 0 0 0 0
0 0 0 0 0.028595170006155968 0 0 0 0
0 0 0 0 0.026501232758164406 0 0 0 0
0 0 0 0 0.019850384443998337 0 0 0 0
0 0 0 0 0.02942412719130516 0 0 0 0
0 0 0 0 0.06759669631719589 0 0 0 0
0 0 0 0 -0.04446694999933243 0 0 0 0
0 0 0 0 0.09850846230983734 0 0 0 0
0 0 0 0 0.08476810902357101 0 0 0 0
0 0 0 0 0.028964079916477203 0 0 0 0
0 0 0 0 0.015080179087817669 0 0 0 0
0 0 0 0 0.04666207358241081 0 0 0 0
0 0 0 0 -0.0023851876612752676 0 0 0 0
0 0 0 0 0.04097350686788559 0 0 0 0
0 0 0 0 -0.04114694893360138 0 0 0 0
0 0 0 0 -0.09901140630245209 0 0 0 0
0 0 0 0 0.018106238916516304 0 0 0 0
0 0 0 0 -0.06814629584550858 0 0 0 0
0 0 0 0 0.018534569069743156 0 0 0 0
0 0 0 0 -0.06275177001953125 0 0 0 0
0 0 0 0 0.029632430523633957 0 0 0 0
0 0 0 0 -0.08035529404878616 0 0 0 0
0 0 0 0 -0.0370979830622673 0 0 0 0
0 0 0 0 -0.04994787648320198 0 0 0 0
0 0 0 0 0.061105214059352875 0 0 0 0
0 0 0 0 0.0707763060927391 0 0 0 0
0 0 0 0 0.025236528366804123 0 0 0 0
0 0 0 0 -0.05238697677850723 0 0 0 0
0 0 0 0 -0.018164413049817085 0 0 0 0
0 0 0 0 -0.0006454922840930521 0 0 0 0
0 0 0 0 -0.0044206599704921246 0 0 0 0
0 0 0 0 -0.020281700417399406 0 0 0 0
0 0 0 0 0.0299444030970335 0 0 0 0
0 0 0 0 -3.0120367227937095e-05 0 0 0 0
0 0 0 0 0.040197622030973434 0 0 0 0
0 0 0 0 -0.06006212159991264 0 0 0 0
0 0 0 0 -0.04504496231675148 0 0 0 0
0 0 0 0 -0.01819339208304882 0 0 0 0
0 0 0 0 0.0023309667594730854 0 0 0 0
0 0 0 0 0.05752205848693848 0 0 0 0
0 0 0 0 -0.031559184193611145 0 0 0 0
0 0 0 0 -0.022650448605418205 0 0 0 0
0 0 0 0 -0.029485398903489113 0 0 0 0
0 0 0 0 -0.04561295360326767 0 0 0 0
0 0 0 0 0.003591693239286542 0 0 0 0
0 0 0 0 0.04116615280508995 0 0 0 0
0 0 0 0 0.021719099953770638 0 0 0 0
0 0 0 0 -0.03593408688902855 0 0 0 0
0 0 0 0 0.027355974540114403 0 0 0 0
0 0 0 0 0.08444350212812424 0 0 0 0
0 0 0 0 -0.04250823333859444 0 0 0 0
0 0 0 0 -0.05627691000699997 0 0 0 0
0 0 0 0 -0.039883796125650406 0 0 0 0
0 0 0 0 0.026868268847465515 0 0 0 0
0 0 0 0 -0.022014912217855453 0 0 0 0
0 0 0 0 -0.017359904944896698 0 0 0 0
0 0 0 0 0.012642362155020237 0 0 0 0
0 0 0 0 -0.022340556606650352 0 0 0 0
0 0 0 0 -0.0004191312182229012 0 0 0 0
0 0 0 0 0.03809197619557381 0 0 0 0
0 0 0 0 0.02038954757153988 0 0 0 0
0 0 0 0 0.009671136736869812 0 0 0 0
0 0 0 0 0.03861631453037262 0 0 0 0
0 0 0 0 -0.02210931107401848 0 0 0 0
0 0 0 0 -0.05399160832166672 0 0 0 0
0 0 0 0 -0.004105677828192711 0 0 0 0
0 0 0 0 0.0685524195432663 0 0 0 0
0 0 0 0 -0.05585366487503052 0 0 0 0
0 0 0 0 -0.051514964550733566 0 0 0 0
0 0 0 0 0.02784729190170765 0 0 0 0
0 0 0 0 0.035939671099185944 0 0 0 0
0 0 0 0 0.0732421800494194 0 0 0 0
0 0 0 0 0.03403342142701149 0 0 0 0
0 0 0 0 -0.03146743029356003 0 0 0 0
0 0 0 0 0.042264848947525024 0 0 0 0
0 0 0 0 0.01688052900135517 0 0 0 0
0 0 0 0 -0.028857341036200523 0 0 0 0
0 0 0 0 0.019009631127119064 0 0 0 0
0 0 0 0 -0.01752518117427826 0 0 0 0
0 0 0 0 -0.012046894989907742 0 0 0 0
0 0 0 0 -0.005061500705778599 0 0 0 0
0 0 0 0 -0.013928763568401337 0 0 0 0
0 0 0 0 -0.025563187897205353 0 0 0 0
0 0 0 0 -0.02005109190940857 0 0 0 0
0 0 0 0 -0.028392819687724113 0 0 0 0
0 0 0 0 -0.008655700832605362 0 0 0 0
0 0 0 0 -0.01043267548084259 0 0 0 0
0 0 0 0 -0.02377878502011299 0 0 0 0
0 0 0 0 0.004974951967597008 0 0 0 0
0 0 0 0 0.002222153590992093 0 0 0 0
0 0 0 0 0.058014702051877975 0 0 0 0
0 0 0 0 0.09023669362068176 0 0 0 0
0 0 0 0 -0.06351858377456665 0 0 0 0
0 0 0 0 0.02978450432419777 0 0 0 0
0 0 0 0 -0.04217326268553734 0 0 0 0
0 0 0 0 0.039741069078445435 0 0 0 0
0 0 0 0 -0.01260318048298359 0 0 0 0
0 0 0 0 -0.0354185551404953 0 0 0 0
0 0 0 0 -0.02239048294723034 0 0 0 0
0 0 0 0 0.00627730879932642 0 0 0 0
0 0 0 0 -0.08894968777894974 0 0 0 0
0 0 0 0 0.12618714570999146 0 0 0 0
0 0 0 0 -0.027986133471131325 0 0 0 0
0 0 0 0 0.04347765073180199 0 0 0 0
0 0 0 0 0.1554591804742813 0 0 0 0
0 0 0 0 0.06032468378543854 0 0 0 0
0 0 0 0 0.06738295406103134 0 0 0 0
0 0 0 0 0.09931283444166183 0 0 0 0
0 0 0 0 0.027058782055974007 0 0 0 0
0 0 0 0 -0.10249067097902298 0 0 0 0
0 0 0 0 0.0198206827044487 0 0 0 0
0 0 0 0 0.03628427907824516 0 0 0 0
0 0 0 0 0.10595613718032837 0 0 0 0
0 0 0 0 -0.04035119339823723 0 0 0 0
0 0 0 0 -0.005844590719789267 0 0 0 0
0 0 0 0 -0.05944806709885597 0 0 0 0
0 0 0 0 -0.010821054689586163 0 0 0 0
0 0 0 0 -0.05238953232765198 0 0 0 0
0 0 0 0 0.006986171472817659 0 0 0 0
0 0 0 0 0.03522055968642235 0 0 0 0
