0.005962060298770666 -0.01978779397904873 -0.02061639167368412 0.02964341640472412 0.01753423735499382 -0.015602516941726208 -0.0858573392033577 -0.0645972266793251 -0.002714775037020445 
-0.008956661447882652 0.002130229724571109 -0.011892498470842838 0.028122929856181145 0.04114372283220291 -0.016533881425857544 -0.007006154395639896 0.058235734701156616 0.002410129178315401 
0.002319701248779893 0.007248669397085905 -0.01013166829943657 -0.02766517736017704 -0.026124976575374603 -0.007336043287068605 0.005450836382806301 0.007555649150162935 -0.01466345600783825 
-0.02855784259736538 0.0017140032723546028 -0.021495282649993896 0.10526467859745026 0.09347542375326157 -0.05035760626196861 0.04468099772930145 0.044121455401182175 -0.014458034187555313 
0.07036064565181732 0.07652889937162399 0.011599400080740452 0.01712004281580448 0.037650782614946365 0.037485357373952866 -0.02135492116212845 -0.02306346595287323 -0.03331246227025986 
-0.04010220244526863 -0.09968771785497665 -0.10915124416351318 0.037958644330501556 0.03034006617963314 -0.014867330901324749 0.14494231343269348 0.17920216917991638 0.09326963126659393 
0.04936545342206955 0.09089690446853638 0.08172977715730667 0.03619186207652092 0.057199135422706604 0.030319267883896828 -0.03674650937318802 -0.021649427711963654 -0.029445968568325043 
0.0032262008171528578 -0.05569303780794144 0.005852272734045982 0.09889768809080124 -0.022716205567121506 -0.0454709492623806 -0.0482272207736969 -0.020492002367973328 -0.008055128157138824 
-0.04799291118979454 -0.04549669101834297 -0.053207580000162125 -0.07224742323160172 -0.1492866724729538 -0.12146773189306259 0.09545715153217316 0.1388406604528427 0.07711947709321976 
0.031121237203478813 0.018973959609866142 -0.02330623008310795 -0.006276154424995184 0.06182968243956566 0.014907325617969036 0.0054524922743439674 -0.050883419811725616 -0.015569029375910759 
0.049195561558008194 0.13020658493041992 0.12634624540805817 0.02559344656765461 0.19939987361431122 0.1649085134267807 -0.052715856581926346 -0.012693219818174839 -0.0074850586242973804 
0.02423951029777527 -0.01384599320590496 -0.015897858887910843 -0.06910353153944016 -0.06845403462648392 -0.04434601217508316 -0.018582874909043312 0.040646784007549286 0.09485841542482376 
-0.014155557379126549 -0.008304115384817123 0.00222782208584249 0.005527629051357508 -0.011361517943441868 -0.01852373033761978 -0.03426201641559601 -0.06924635171890259 -0.0414164774119854 
-0.04138396680355072 -0.014819799922406673 -0.020916787907481194 -0.03742706775665283 -0.012178457342088223 -0.0036417562514543533 -0.04439711570739746 -0.01739870384335518 -0.00455447006970644 
0.019119396805763245 -0.012563097290694714 0.009985815733671188 0.05098297446966171 0.061304401606321335 0.03772057220339775 -0.045033108443021774 0.023660024628043175 0.07337429374456406 
0.015997035428881645 -0.04910347983241081 -0.08963007479906082 -0.02497992292046547 -0.016248948872089386 0.033676810562610626 -0.015713831409811974 -0.040496423840522766 -0.09071189165115356 
0.022016918286681175 -0.009375466033816338 -0.0069935196079313755 0.0391303189098835 0.06682310253381729 0.0448177233338356 -0.024987591430544853 0.048835381865501404 0.021555185317993164 
-0.06418991088867188 0.033772651106119156 -0.043577682226896286 0.0020410174038261175 -0.022597678005695343 0.03256896883249283 -0.06065897271037102 0.08116395771503448 -0.02114208973944187 
-0.048432357609272 -0.004602530039846897 -0.002853102283552289 -0.05267639458179474 -0.0230384711176157 -0.03637775033712387 -0.029693445190787315 -0.015054144896566868 -0.005209299270063639 
0.013730484992265701 -0.040787335485219955 -0.008955691941082478 -0.010916996747255325 0.003160196589305997 0.014647774398326874 0.01259537972509861 0.00528754061087966 -0.06607845425605774 
0.07477030158042908 0.03078663907945156 0.006119271274656057 0.04581308737397194 0.05287189781665802 0.005428182426840067 0.08304323256015778 0.028086110949516296 -0.007124848198145628 
0.04862353205680847 -0.006594171281903982 0.04610588774085045 -0.0160977840423584 -0.008746577426791191 0.05789666622877121 -0.0699332058429718 -0.04706539958715439 0.009258574806153774 
0.032466307282447815 0.01867014728486538 -0.02301095798611641 0.011765633709728718 -0.01676628366112709 -0.0032908807042986155 0.01959078200161457 -0.008472771383821964 -0.022560495883226395 
0.012744655832648277 -0.0050507509149611 -0.017857050523161888 0.07673903554677963 -0.223783478140831 0.001494750496931374 -0.036963265389204025 -0.09839454293251038 -0.009069337509572506 
-0.025294099003076553 -0.022364748641848564 0.02788858860731125 0.11744807660579681 -0.07904959470033646 0.03008340299129486 0.07988961786031723 -0.05688086152076721 0.0015207722317427397 
0.049670327454805374 -0.007179799489676952 0.025668997317552567 -0.009403875097632408 0.06666458398103714 0.01582859829068184 -0.036892786622047424 -0.011361978948116302 -0.046284258365631104 
-0.011176928877830505 -0.06734136492013931 -0.02878360077738762 -0.012487840838730335 0.027645261958241463 -0.04793526977300644 -0.017062488943338394 0.013882676139473915 -0.04774419590830803 
0.039847128093242645 0.07857396453619003 -0.04185783118009567 0.07667350769042969 0.1494879126548767 -0.19293555617332458 0.041105061769485474 0.07910966128110886 -0.09384641796350479 
0.013885959051549435 0.02635699324309826 0.0050280229188501835 -0.026954522356390953 0.06370814889669418 0.08666376769542694 -0.028798164799809456 0.05230720713734627 0.06711303442716599 
-0.08245613425970078 -0.08185135573148727 -0.004288380034267902 -0.08451886475086212 -0.09393195807933807 -0.015270357020199299 -0.06837070733308792 -0.076903335750103 0.003794983262196183 
-0.030534515157341957 -0.07351722568273544 0.037244103848934174 0.047043319791555405 -0.03324234485626221 0.08802518993616104 0.009195832535624504 -0.026481645181775093 0.03926009684801102 
-0.12853875756263733 -0.020434172824025154 0.047280821949243546 -0.0563923642039299 -0.04824891686439514 0.15023307502269745 -0.0981546938419342 -0.005276387091726065 0.08386023342609406 
-0.07993601262569427 -0.10218439996242523 -0.11111471801996231 -0.003292668145149946 -0.04340424761176109 -0.10073760151863098 0.02187809720635414 0.011832181364297867 -0.021976035088300705 
0.03288855403661728 0.04480687528848648 0.0016634564381092787 -0.061485543847084045 0.050862960517406464 -0.025784075260162354 -0.0024531143717467785 -0.09645301103591919 0.03787519037723541 
0.005248192232102156 0.033518288284540176 0.0553133450448513 0.02216484770178795 0.017155049368739128 0.031168395653367043 0.012058881111443043 -0.03565464913845062 -0.023755807429552078 
0.03651604428887367 0.07924114912748337 0.06129968911409378 0.01946616917848587 0.07911265641450882 0.07986466586589813 0.09801359474658966 0.11013923585414886 -0.04969225823879242 
-0.040994565933942795 -0.04645257443189621 -0.09096460044384003 -0.0038533275946974754 -0.07893750071525574 -0.07027842849493027 -0.03200478106737137 -0.022348763421177864 -0.08579674363136292 
0.08867426216602325 0.016549671068787575 0.04429503530263901 -0.05933614820241928 -0.03423619642853737 -0.042959943413734436 0.016698220744729042 -0.05579594895243645 -0.07512982189655304 
0.08379723131656647 0.12278521060943604 0.03352414444088936 0.04394110292196274 0.08428210765123367 0.028144698590040207 0.022495614364743233 0.029016830027103424 0.040931586176157 
-0.03133612871170044 0.11920134723186493 0.006457551848143339 -0.05685066431760788 -0.06225922331213951 0.06590548902750015 0.06380567699670792 -0.060005515813827515 -0.008395329117774963 
0.0019823519978672266 0.08971807360649109 -0.06332523375749588 -0.1186206117272377 0.016880979761481285 -0.014996863901615143 0.04167439043521881 -0.0849810466170311 -0.04267996922135353 
-0.056556135416030884 -0.07140656560659409 0.07270225137472153 0.09156624227762222 -0.07970398664474487 0.04936005920171738 0.004358161240816116 0.017219241708517075 -0.0625511184334755 
0.01209196262061596 0.047208428382873535 0.09211720526218414 0.03715522959828377 0.047243013978004456 -0.011263133957982063 0.03663397207856178 0.04060359671711922 -0.049813322722911835 
-0.010388345457613468 0.051125697791576385 0.05464687943458557 -0.030546721071004868 -0.022590745240449905 0.0007612586487084627 -0.003577284514904022 0.04800809919834137 -0.03707997873425484 
-0.022185858339071274 -0.018647337332367897 0.05366038903594017 -0.006956100929528475 0.014118488878011703 0.08773364126682281 0.025867268443107605 0.03568553179502487 0.04338054731488228 
0.030137956142425537 0.03534344583749771 0.040753960609436035 0.01399826630949974 -0.0003511884715408087 -0.003277200972661376 -0.023915164172649384 -0.06046456843614578 -0.0858875960111618 
0.019162766635417938 -0.05275405943393707 -0.09060149639844894 0.006550048012286425 -0.09610537439584732 -0.09585550427436829 0.028860118240118027 0.04292873293161392 0.016363928094506264 
-0.013652305118739605 -0.0028360404539853334 -0.05321080610156059 0.027965594083070755 0.031076110899448395 0.056572046130895615 -0.01884295977652073 -0.009623438119888306 0.10814770311117172 
-0.04423702880740166 -0.045018211007118225 -0.012763427570462227 -0.06032672896981239 -0.05222878232598305 -0.044672030955553055 -0.057673875242471695 -0.04161335527896881 -0.049389567226171494 
-0.06350933015346527 -0.008150162175297737 -0.05079815164208412 0.018588632345199585 -0.012640638276934624 -0.022761495783925056 -0.004238487221300602 -0.06887443363666534 -0.013829764910042286 
0.02895073965191841 0.07280474901199341 0.06958253681659698 -0.026043502613902092 0.021026697009801865 0.022342894226312637 -0.06868748366832733 -0.035579293966293335 0.007648582104593515 
-0.010110843926668167 0.09290757030248642 0.05145132169127464 0.08808626979589462 0.09780149906873703 0.07216141372919083 0.09186854213476181 0.04683283343911171 0.02232314459979534 
0.020301664248108864 -0.0831197202205658 -0.05452903360128403 -0.01907644048333168 -0.054995715618133545 0.0013476245803758502 -0.07566656172275543 -0.02704259380698204 0.02703060954809189 
-0.04602031037211418 -0.03092082217335701 -0.07574012130498886 -0.019402407109737396 -0.006190052255988121 -0.036319877952337265 0.09846307337284088 0.10081403702497482 0.006696669384837151 
-0.06110910698771477 -0.0544278584420681 0.02324298582971096 0.054939139634370804 -0.03175301477313042 -0.02115810662508011 0.04740479588508606 0.03371782973408699 -0.014815387316048145 
0.06464744359254837 -0.04465537518262863 -0.014955524355173111 0.03583830967545509 0.005041242577135563 -0.08742857724428177 -0.02789456583559513 0.05057632550597191 0.012755237519741058 
-0.00880775973200798 -0.08148730546236038 0.015219468623399734 0.06892634183168411 0.00026475326740182936 0.021078012883663177 -0.020594431087374687 0.010701915249228477 0.012471907772123814 
0.06164071708917618 0.10549244284629822 0.025676172226667404 0.047837913036346436 0.09031936526298523 -0.00035948792356066406 -0.014750790782272816 -0.030480528250336647 -0.06904415786266327 
-0.07096855342388153 -0.056138649582862854 -0.05691053345799446 -0.03972913697361946 0.008923877030611038 0.007850251160562038 0.036599043756723404 0.05542302504181862 0.09414533525705338 
-0.0044002169743180275 -0.007495624013245106 -0.09416116029024124 0.03384489566087723 0.047853875905275345 0.034548379480838776 0.01336731854826212 0.09730885177850723 0.06860506534576416 
0.016186602413654327 0.06958835572004318 0.07800815254449844 0.042153216898441315 0.0035870156716555357 0.020942509174346924 0.05207378417253494 -0.000575489248149097 -0.06411393731832504 
-0.06150821968913078 -0.06492165476083755 -0.06921572983264923 0.019318588078022003 0.002940468257293105 -0.0006794643704779446 0.10416731983423233 0.06818252056837082 0.05683809146285057 
-0.06563328206539154 -0.07114241272211075 0.026685554534196854 -0.07784843444824219 -0.056888118386268616 0.020926231518387794 -0.03511224687099457 0.024192973971366882 -0.01857338845729828 
-0.00020580997806973755 -0.011900457553565502 0.06632296741008759 -0.058335136622190475 -0.08255939185619354 -0.08302769809961319 -0.02144494652748108 -6.917406426509842e-05 -0.06206079572439194 
0.03161950036883354 0.03451785817742348 0.036861173808574677 0.047421421855688095 0.004143958445638418 0.013052192516624928 0.0036820704117417336 0.002127894898876548 0.009874611161649227 
0.017748039215803146 -0.12814712524414062 0.07449383288621902 -0.04095664992928505 0.09544304013252258 -0.026344768702983856 0.015159389935433865 -0.06602149456739426 0.01608666032552719 
0.038744520395994186 0.004928437527269125 -0.019954824820160866 0.03536224737763405 0.004942178260535002 0.007962433621287346 -0.008522690273821354 -0.0014715841971337795 0.005392618477344513 
-0.05947965383529663 -0.025936653837561607 0.007355069741606712 0.01745280809700489 0.02188526652753353 -0.007924712263047695 0.0460297167301178 0.018032878637313843 0.024538537487387657 
-0.011382541619241238 -0.01484267320483923 -0.03028714284300804 -0.025566352531313896 -0.02198401652276516 -0.03383025899529457 -0.038287509232759476 -0.043923269957304 -0.07693195343017578 
-0.06254085153341293 -0.00854576751589775 0.006175026297569275 0.01727864146232605 0.008579188026487827 0.0035811569541692734 0.03346244618296623 -0.048060864210128784 -0.05540142208337784 
0.032228972762823105 -0.025156764313578606 -0.05862201377749443 -0.006233526859432459 0.01917765475809574 -0.0429086834192276 0.08275748789310455 -0.0078475596383214 -0.01993408240377903 
0.039833344519138336 0.00029412383446469903 -0.02780289202928543 -0.09117719531059265 0.06968960911035538 -0.0016809304943308234 0.04682919755578041 -0.012777736410498619 0.038628965616226196 
-0.021408686414361 -0.07911466062068939 0.017625801265239716 0.04227166250348091 0.15765725076198578 0.07345055788755417 -0.03253065049648285 -0.045422863215208054 0.01818593218922615 
0.08993616700172424 0.12784582376480103 -0.0312851257622242 -0.012583363801240921 -0.07400714606046677 0.028156310319900513 0.0002466556034050882 0.11373357474803925 0.018284400925040245 
-0.0579383410513401 -0.016602031886577606 -0.05143974721431732 0.037426888942718506 -0.08699656277894974 -0.003897552378475666 -0.01714821718633175 0.03219905123114586 -0.047730617225170135 
-0.015841316431760788 -0.007981380447745323 -0.053413040935993195 -0.09953082352876663 -0.006894382182508707 0.057810377329587936 0.023772982880473137 -0.036869630217552185 -0.04412718489766121 
-0.007710773032158613 0.025711121037602425 0.004948396235704422 0.028492316603660583 0.07060828804969788 0.053666312247514725 -0.06436549872159958 0.021214505657553673 0.05938192456960678 
-0.019790031015872955 -0.002977662021294236 -0.006699396297335625 0.005494790617376566 0.023969924077391624 0.005859008990228176 -0.03374737128615379 -0.02307615987956524 -0.04732530936598778 
-0.10626750439405441 -0.08124832063913345 0.06376034021377563 -0.013353241607546806 0.04917271435260773 -0.0073677110485732555 0.0340031236410141 0.0564633384346962 0.021480534225702286 
-0.052462391555309296 -0.025186439976096153 0.13637371361255646 -0.03182322904467583 0.05878400430083275 -0.006158561445772648 0.028425203636288643 -0.09566259384155273 -0.008389096707105637 
-0.017844250425696373 -0.017236817628145218 -0.014198335818946362 -0.014616778120398521 -0.01615435816347599 -0.003386867931112647 0.004206737503409386 0.027584677562117577 0.014268116094172001 
0.02960141748189926 -0.04021395370364189 -0.0351550467312336 0.025277594104409218 0.011258304119110107 -0.006163900252431631 0.02601269632577896 0.010027436539530754 0.01021183468401432 
-0.01473051868379116 -0.030382441356778145 -0.035512953996658325 -0.028781170025467873 -0.04368859529495239 -0.04130613058805466 -0.04070237651467323 -0.04889997839927673 -0.05539615824818611 
-0.06571672856807709 0.01960155926644802 0.011133622378110886 -0.017257897183299065 0.004675309639424086 -0.011418421752750874 0.040630023926496506 0.023844009265303612 -0.011853938922286034 
-0.016323938965797424 0.027643945068120956 0.019628936424851418 0.035421840846538544 0.06390569359064102 0.042746711522340775 0.02521858736872673 0.02954893559217453 0.015636755153536797 
0.03772401064634323 0.02392067015171051 -0.0161318089812994 -0.05523797124624252 -0.09523690491914749 -0.07474680244922638 -0.09320035576820374 -0.07629705965518951 -0.04182025045156479 
0.020656989887356758 0.008928708732128143 -0.0010846848599612713 0.038494277745485306 0.06823159754276276 0.06170672923326492 0.05884050577878952 0.03492056578397751 0.03789551183581352 
-0.04562568664550781 0.0042894622310996056 0.02966926246881485 -0.024855684489011765 0.0037634694017469883 -0.0002026014553848654 0.0017643545288592577 0.007807859219610691 -0.020297789946198463 
-0.02784781903028488 0.011865091510117054 -0.02222808636724949 -0.0007423206698149443 -0.005529552232474089 -0.04161951690912247 0.014498739503324032 -0.0047057755291461945 -0.028478562831878662 
0.03655192628502846 0.016646675765514374 0.08368494361639023 -0.008577842265367508 0.006662325002253056 0.029108330607414246 -0.016343731433153152 -0.02796202152967453 -0.008959773927927017 
-0.06375689059495926 -0.04837153106927872 -0.03002532199025154 -0.046557944267988205 -0.012610782869160175 0.013676132075488567 -0.02090419828891754 0.022809037938714027 0.028386155143380165 
0.00022908771643415093 0.030384520068764687 0.03574943542480469 -0.054542023688554764 -0.031399551779031754 -0.030700672417879105 -0.08687905967235565 -0.041370633989572525 -0.03958467021584511 
-0.029664473608136177 -0.013204757124185562 0.04303062707185745 0.029583295807242393 0.01927490532398224 0.03155768662691116 0.040608253329992294 0.028094733133912086 0.022956373170018196 
-0.008167247287929058 0.03178532421588898 0.036558639258146286 -0.01923988200724125 0.01537284255027771 0.020832760259509087 -0.05946370214223862 -0.02534518949687481 -0.017459416761994362 
0.06367732584476471 -0.02765737846493721 -0.026202116161584854 0.03722802922129631 0.0028024481143802404 0.013644720427691936 0.00014388957060873508 0.022238679230213165 0.0764792189002037 
-0.04374181106686592 -0.040693268179893494 -0.001666761701926589 -0.07217322289943695 -0.05797114968299866 0.017156921327114105 -0.08473026752471924 -0.02579645626246929 0.11150132119655609 
0.04574412479996681 0.020799480378627777 -0.02221503108739853 0.05046727508306503 0.07407812774181366 0.05745084956288338 0.040962524712085724 0.068179652094841 0.04848029091954231 
0.11500892043113708 -0.14889203011989594 0.07687477022409439 0.14856702089309692 -0.20586790144443512 0.09511370956897736 0.08445390313863754 -0.032326534390449524 -0.013081584125757217 
-0.017077503725886345 -0.05368431657552719 0.011377890594303608 -0.028580399230122566 -0.06670336425304413 -0.004715970251709223 -0.015226205810904503 -0.045423682779073715 0.01841588132083416 
0.003169764531776309 0.047976795583963394 0.048822034150362015 0.024181807413697243 0.10535818338394165 0.06931215524673462 -0.040075287222862244 0.10525324940681458 0.008274351246654987 
-0.04095862805843353 -0.005916006397455931 -0.07155593484640121 -0.016284527257084846 0.034756679087877274 0.044457364827394485 0.0035111517645418644 0.04494546726346016 0.02750610187649727 
0.0884324237704277 -0.03249277174472809 -0.007548367604613304 0.08730335533618927 -0.01828915812075138 -0.026257844641804695 0.05395006388425827 0.003968939185142517 -0.03994499146938324 
-0.03644203767180443 -0.01463816873729229 -0.021712033078074455 -0.05369998887181282 -0.030045241117477417 -0.059900473803281784 -0.02140674740076065 0.0053712534718215466 -0.020933063700795174 
0.006021655630320311 -0.006907503120601177 -0.0022159195505082607 -0.06419964134693146 0.16243870556354523 -0.005227433983236551 -0.06970926374197006 0.12908944487571716 0.042333487421274185 
-0.03180043026804924 -0.04432409256696701 -0.016577353700995445 -0.06045498326420784 0.019326290115714073 -0.06444265693426132 -0.03766176104545593 0.05380545184016228 -0.07087157666683197 
-0.05217282846570015 -0.0036050640046596527 -0.06522668898105621 0.004697499796748161 0.008465726859867573 -0.01052597351372242 0.08600525557994843 0.013722634874284267 0.04229530692100525 
-0.026547394692897797 -0.0006967699737288058 -0.05933838710188866 -0.008562484756112099 -0.08729396760463715 -0.06069711223244667 0.00537842744961381 -0.09855762869119644 -0.060732197016477585 
-0.048689793795347214 0.0019109626300632954 0.008048598654568195 -0.09114710241556168 0.007696128915995359 0.07978121936321259 -0.0448458306491375 -0.06381574273109436 0.06825818866491318 
0.02044488489627838 0.07970060408115387 0.07368561625480652 0.07621461153030396 0.09552770853042603 0.12276119738817215 0.03273816406726837 0.018387122079730034 0.06479427963495255 
-0.0019515228923410177 -0.042322784662246704 0.017357492819428444 -0.030638771131634712 -0.06565399467945099 -0.01627332717180252 -0.03587330877780914 -0.06814423948526382 -0.020673291757702827 
-0.0016225556610152125 0.011989858001470566 0.004871531389653683 0.009058135561645031 0.006458718329668045 0.025237612426280975 0.074713796377182 0.00017175274842884392 0.07875946909189224 
0.008507134392857552 -0.019877593964338303 0.030739985406398773 -0.03962111100554466 0.09826543927192688 -0.031710658222436905 -0.10155448317527771 0.0434713214635849 0.015361832454800606 
-0.05093776434659958 -0.010301313363015652 0.07768711447715759 -0.04258786141872406 0.013637843541800976 0.06117325648665428 0.011367786675691605 0.021927597001194954 0.01388672087341547 
-0.0025196480564773083 0.0321442075073719 -0.04753429442644119 -0.00334262871183455 0.04089139774441719 -0.05891605094075203 0.004513991996645927 0.00875923316925764 -0.035753197968006134 
-0.009067539125680923 -0.021900778636336327 -0.05616853013634682 0.0521123930811882 0.07394519448280334 0.0159051064401865 0.05668706074357033 0.10460957139730453 0.03338924050331116 
-0.03838983550667763 -0.015325460582971573 -0.027475537732243538 0.0023285886272788048 -0.0038360413163900375 -0.0032053200993686914 0.03387016803026199 0.012526341713964939 -0.017445769160985947 
0.04737437143921852 0.009617073461413383 -0.024550095200538635 0.05297408625483513 -0.018276242539286613 -0.06400159001350403 -0.030834436416625977 -0.0840408056974411 -0.09106496721506119 
-0.009761854074895382 0.0013852458214387298 0.0025472003035247326 -0.0023416143376380205 0.0156396497040987 0.004485785961151123 0.025025904178619385 0.008870172314345837 -0.015315399505198002 
-0.04516371339559555 -0.03148047253489494 -0.034816768020391464 0.020173413679003716 0.03422987088561058 0.006530966609716415 0.06949964910745621 0.09214171767234802 0.08254021406173706 
0.021234869956970215 -0.026275161653757095 -0.02091214247047901 0.02828047424554825 -0.03341049328446388 -0.03074398636817932 0.009760145097970963 -0.03166483715176582 -0.03587254136800766 
0.04679741710424423 -0.005999698769301176 -0.027123406529426575 0.01123055163770914 -0.0039879330433905125 -0.003055952489376068 -0.03681793063879013 -0.04893089830875397 -0.018409278243780136 
0.019447384402155876 0.06925337016582489 0.02019614167511463 -0.029648782685399055 -0.01961846463382244 -0.020705558359622955 -0.03924586623907089 -0.0034859892912209034 0.003911988809704781 
-0.004362874198704958 -0.0011466043069958687 -0.0008647720096632838 -0.018731171265244484 0.012980162166059017 -0.02017579972743988 -0.04824288934469223 -0.01550112571567297 -0.014959070831537247 
0.004505176562815905 0.013182596303522587 -0.004048075061291456 -0.002138072857633233 0.003012700006365776 0.018419628962874413 -0.06414148211479187 -0.029987677931785583 -0.024693038314580917 
-0.09897671639919281 -0.06562691926956177 -0.05367287993431091 -0.020872611552476883 -0.05379106476902962 -0.020055022090673447 0.012997682206332684 0.013789087533950806 0.037932105362415314 
0.014020297676324844 0.028305478394031525 0.015735909342765808 0.011923965997993946 0.024830523878335953 0.013359551317989826 -0.005399012006819248 0.00632930314168334 -0.0058899433352053165 
-0.06290233880281448 -0.02529839426279068 -0.01282813586294651 -0.01811392605304718 0.020451292395591736 0.0346108041703701 0.014631121419370174 0.02821304462850094 0.0556207075715065 
-0.027934640645980835 -0.04883674532175064 -0.01716051809489727 -0.006889677606523037 -0.03363729640841484 -0.0650765523314476 0.007515026722103357 -0.045393262058496475 -0.07230713218450546 
0.07384870946407318 0.07588033378124237 0.02162669040262699 0.041551969945430756 0.017582383006811142 -0.028394754976034164 0.005567172076553106 -0.008821651339530945 -0.04708641394972801 
-0.04100971296429634 -0.07029099762439728 0.009563116356730461 -0.026301249861717224 0.027243243530392647 0.025340037420392036 -0.01674586720764637 0.0334293432533741 0.07104557752609253 
-0.04979051649570465 -0.0325961634516716 -0.014994779601693153 -0.050515223294496536 -0.02899930439889431 0.01420713309198618 -0.04171004146337509 0.0041565136052668095 0.035071685910224915 
0.03112579695880413 -0.02719922922551632 -0.04427042976021767 -0.05252080783247948 -0.06694432348012924 -0.0417199581861496 -0.1055179238319397 -0.07906407862901688 -0.037712469696998596 
0.057975735515356064 0.04048842191696167 -0.02288997359573841 0.07628673315048218 0.07224419713020325 0.04228861629962921 0.02959548495709896 0.03213069960474968 0.011935336515307426 
0.07109072059392929 0.054092805832624435 -0.01510323490947485 0.015816939994692802 -0.0008360437350347638 -0.036222849041223526 -0.004067429341375828 -0.026634877547621727 -0.0007979640504345298 
-0.018699536100029945 0.018900947645306587 0.03101697377860546 0.07075571268796921 0.09122351557016373 0.061864107847213745 0.07817459106445312 0.06543118506669998 0.041129615157842636 
-0.04324996471405029 -0.04928811639547348 0.012494810856878757 -0.05827293172478676 -0.026171749457716942 -0.03128448873758316 -0.05635150149464607 -0.0362744964659214 -0.03707677870988846 
0.003395236097276211 0.046323854476213455 0.04929617792367935 0.09287238866090775 0.08145300298929214 0.04234243184328079 0.057017385959625244 0.07630029320716858 0.03488602861762047 
0.06212806701660156 -0.02376827597618103 -0.038209058344364166 -0.06493542343378067 -0.04738703370094299 -0.0009370646439492702 0.030481351539492607 0.03422395884990692 0.029002521187067032 
0.024115746840834618 0.07647623121738434 0.05781105160713196 0.05910937488079071 0.01451021060347557 -0.005002121906727552 0.013780573382973671 0.001418723026290536 -0.05540928244590759 
0.004832033533602953 0.03248157724738121 0.04012060537934303 0.008349349722266197 0.03354661166667938 0.009004190564155579 -0.005188811104744673 -0.008463626727461815 0.010372251272201538 
0.053975045680999756 0.029274988919496536 0.016426799818873405 -0.017059529200196266 -0.014929313212633133 -0.01949886977672577 -0.03453139215707779 -0.060235023498535156 -0.05079388990998268 
-0.012980969622731209 -0.030357306823134422 0.0006949448143132031 -0.032905805855989456 -0.038833506405353546 -0.007869265042245388 -0.04292227700352669 -0.04146648943424225 -0.0028355722315609455 
-0.003914302214980125 -0.022241603583097458 -0.0021633761934936047 0.005581846460700035 -0.05820916220545769 -0.07315610349178314 0.01917986199259758 -0.01552731916308403 -0.11143346130847931 
-0.0038331972900778055 0.041005562990903854 -0.011485322378575802 -0.0056469859555363655 -0.02113722264766693 -0.06668414920568466 -0.04775353521108627 -0.005282392259687185 0.03624216094613075 
0.024820584803819656 0.008817763067781925 0.03170522674918175 0.025415653362870216 0.025791285559535027 0.0010611949255689979 0.002100997371599078 0.023792151361703873 -0.0061445580795407295 
-0.10029668360948563 0.09513410180807114 0.028934871777892113 -0.013673784211277962 0.05836400017142296 -0.04972297325730324 0.008773059584200382 0.06120900437235832 0.026554923504590988 
-0.0018080567242577672 -0.013238988816738129 0.030408168211579323 -0.024883462116122246 -0.00826854445040226 0.03914951533079147 -0.04229462146759033 -0.024729132652282715 0.0418642982840538 
-0.05086605250835419 0.03353385627269745 0.09791291505098343 -0.043723609298467636 0.017308251932263374 0.06239144504070282 0.009426983073353767 0.06931383907794952 0.011611619032919407 
0.07531029731035233 0.030661670491099358 0.030582329258322716 -0.0007753102108836174 -0.0074688103049993515 -0.01711416244506836 0.007683113217353821 0.012044568546116352 -0.023309960961341858 
0.07340149581432343 -0.030663801357150078 -0.02640542946755886 -0.005578556563705206 -0.11671004444360733 -0.10530726611614227 -0.05890065059065819 -0.06100993603467941 -0.11222487688064575 
-0.02399776317179203 -0.0025024772621691227 0.028144605457782745 -0.010065913200378418 -0.05092879757285118 -0.015569576062262058 0.016542280092835426 -0.00798813533037901 -0.013537759892642498 
-0.002788514131680131 0.041015807539224625 -0.009257039055228233 0.1835736185312271 0.12465781718492508 -0.054906491190195084 0.04681752249598503 0.021759675815701485 0.013074197806417942 
-0.03298616781830788 0.028634319081902504 0.047958120703697205 0.0657164603471756 -0.014410670846700668 -0.08998581022024155 -0.009913035668432713 -0.07383958250284195 -0.008865699172019958 
-0.11869829893112183 -0.062404949218034744 -0.04058175906538963 -0.07477276772260666 0.06780581176280975 0.06442436575889587 -0.02171071246266365 0.05178399384021759 -0.07311195880174637 
0.0044569531455636024 -0.01673717051744461 -0.024948682636022568 -0.05438123643398285 -0.012183367274701595 0.048552580177783966 -0.10138478875160217 0.0022437002044171095 0.08902228623628616 
-0.00750837754458189 -0.026916924864053726 -0.03509533777832985 0.10905982553958893 0.09727957099676132 0.006870955694466829 0.02966703288257122 -0.015867384150624275 0.004049662966281176 
0.03531065210700035 0.05500087887048721 -0.008484214544296265 0.021338390186429024 0.06890241801738739 0.0035105827264487743 0.01618928834795952 0.040042776614427567 -0.05247986316680908 
-0.03602590039372444 -0.08541824668645859 -0.012124938890337944 -0.050156593322753906 -0.09933947026729584 -0.015859410166740417 -0.05329553037881851 -0.09173715859651566 -0.01087293028831482 
0.018406298011541367 0.0382431298494339 -0.027006957679986954 0.00800645537674427 0.017680272459983826 -0.06789571046829224 -0.02390555664896965 -0.028286300599575043 -0.11654140055179596 
-0.047644130885601044 -0.0018406969029456377 0.0024100830778479576 -0.0756864994764328 -0.1284215897321701 0.033755335956811905 -0.011456167325377464 -0.028009219095110893 0.0040871258825063705 
0.007138006389141083 0.004526999779045582 0.019382689148187637 -0.048433348536491394 0.03573235496878624 0.03458147868514061 -0.05061420798301697 0.07117419689893723 -0.005901764612644911 
-0.08781575411558151 0.04167429357767105 0.06193957477807999 -0.04376937076449394 0.03908555209636688 -0.05727533623576164 -0.04987380653619766 -0.005519309546798468 0.0350201278924942 
-5.257707380224019e-05 -0.011011599563062191 0.02510851062834263 -0.0038837806787341833 -0.010219324380159378 0.03089422546327114 -0.01332179643213749 -0.011681459844112396 0.026952078565955162 
0.03373384103178978 0.004499482456594706 -0.0361107736825943 -0.08319304138422012 -0.09718813002109528 -0.031492680311203 -0.051400721073150635 -0.04943099245429039 -0.014164946973323822 
0.009777574799954891 0.002153669949620962 0.017121922224760056 -0.01838633045554161 0.024007124826312065 0.017748698592185974 0.009239014238119125 -0.002010541269555688 0.013636663556098938 
-0.008255315013229847 -0.058631204068660736 -0.0592038668692112 -0.021520504727959633 0.0560140386223793 0.07247152924537659 0.02291114628314972 0.06130106374621391 0.07399506121873856 
-0.03443557769060135 0.001890805666334927 0.027329597622156143 0.056681349873542786 0.0780332162976265 0.03490673378109932 0.05532471090555191 -0.01781335659325123 0.016808710992336273 
-0.012432710267603397 -0.010199352167546749 0.004633062519133091 0.11558960378170013 0.06676112860441208 -0.03670933470129967 0.012534044682979584 -0.12343546003103256 0.03418684005737305 
-0.007686315570026636 0.014168757945299149 0.022145025432109833 0.029144205152988434 -0.03668992593884468 -0.0975927859544754 -0.011495081707835197 -0.031234247609972954 0.04004712402820587 
0.030038299039006233 -0.06651417165994644 0.0021128710359334946 -0.08308367431163788 0.049848295748233795 0.07538393139839172 0.05293281376361847 0.06637028604745865 -0.06266195327043533 
-0.027932599186897278 0.0035164239816367626 0.12406670302152634 -0.05576275289058685 0.09351526200771332 0.06688379496335983 -0.023939991369843483 0.05977936089038849 0.01735418289899826 
-0.01077354047447443 0.009530603885650635 0.0290960893034935 -0.013176673091948032 0.0033669564872980118 -0.08414168655872345 -0.04990756884217262 -0.05534060671925545 0.017071014270186424 
-0.0819595605134964 -0.08988643437623978 -0.10932078212499619 -0.0438058041036129 -0.0795118659734726 -0.06821215897798538 -0.02364138886332512 -0.02060520462691784 -0.015718068927526474 
-0.019474580883979797 -0.037588931620121 -0.01473251823335886 -0.043166812509298325 -0.06280713528394699 -0.022826382890343666 -0.0549529492855072 -0.07060495018959045 -0.023967290297150612 
-0.017123818397521973 0.02503199875354767 0.03239133581519127 -0.0562075637280941 0.052617739886045456 0.0590558797121048 -0.05897475406527519 -0.017870793119072914 -0.005423783324658871 
0.01043296605348587 -0.02562382072210312 -0.03697507455945015 0.014174152165651321 -0.04629882052540779 0.06575804203748703 0.0170679222792387 0.047229982912540436 0.0784105658531189 
-0.018431778997182846 -0.00537958275526762 -0.04777676239609718 -0.02650013566017151 -0.012989504262804985 -0.029736027121543884 -0.012603355571627617 -0.02196148782968521 -0.022529954090714455 
0.004273817874491215 -0.01332013588398695 0.009461111389100552 -0.04807151108980179 -0.00030607901862822473 -0.04016217589378357 -0.05235367640852928 -0.03302831947803497 -0.04520771652460098 
-0.025749571621418 -0.04846639186143875 -0.025532687082886696 -0.019114436581730843 -0.0546630322933197 -0.027599606662988663 0.026938559487462044 -0.011180054396390915 -0.0008267643279395998 
-0.004567260853946209 -0.026639629155397415 -0.03529113531112671 -0.009990762919187546 -0.033970583230257034 -0.012701064348220825 -0.04107087478041649 -0.031195517629384995 0.0069612474180758 
-0.059609029442071915 -0.02222893387079239 -0.006609651260077953 0.012217855080962181 0.026014599949121475 0.03066089004278183 0.04481761157512665 0.05459514632821083 0.031625133007764816 
-0.014917646534740925 -0.008200366981327534 -0.04760177806019783 -0.009316067211329937 0.0030650831758975983 -0.036946672946214676 0.004436763934791088 0.011145646683871746 -0.02888704277575016 
-0.014337965287268162 0.00410547386854887 -0.014258403331041336 0.012983088381588459 0.03851383179426193 0.02320857346057892 -0.004838599357753992 0.02531992644071579 0.006319230422377586 
-0.019141877070069313 -0.00112980417907238 -0.02553441934287548 -0.026204993948340416 0.029388537630438805 0.014538451097905636 -0.0005840430385433137 -0.027979804202914238 0.011513137258589268 
-0.03273686021566391 0.02412557229399681 0.019769880920648575 -0.001730816438794136 0.06263227760791779 0.07151994109153748 -0.016178103163838387 0.0012981230393052101 0.025672627612948418 
0.009232542477548122 0.009003754705190659 -0.01728762686252594 -0.008036782965064049 -0.07346548140048981 -0.021841248497366905 0.06521420180797577 0.07581865787506104 0.008387649431824684 
-0.06052606180310249 -0.0027511853259056807 0.042271874845027924 -0.04312322288751602 0.007575295865535736 0.04046187177300453 -0.018878798931837082 0.03878908231854439 0.04544815421104431 
0.009065023623406887 -0.01936681754887104 -0.010732335969805717 0.0009307038271799684 -0.0064318617805838585 0.024948859587311745 0.012636699713766575 -0.0046644448302686214 0.02557516098022461 
0.003242275444790721 0.022963929921388626 0.0033871482592076063 -0.010526604019105434 0.013849638402462006 0.005496015772223473 -0.00963582843542099 0.008090809918940067 0.013213603757321835 
0.05271665379405022 0.03904503211379051 0.004169347230345011 0.06233276426792145 0.04924207553267479 0.011379684321582317 0.034202903509140015 0.02235613577067852 -0.014842409640550613 
-0.01118837296962738 0.01310061477124691 0.023267652839422226 -0.016350049525499344 -0.024819979444146156 -0.03597155585885048 -0.04631686583161354 -0.04850706085562706 -0.06597761809825897 
-0.012978959828615189 0.001659516477957368 -0.021794063970446587 0.010560566559433937 0.008096205070614815 -0.06134033203125 -0.004886516369879246 -0.021236684173345566 -0.02414591982960701 
0.08145330846309662 0.032268624752759933 0.009824040345847607 0.03405165299773216 0.043820854276418686 0.019756237044930458 0.014026577584445477 -0.014443736523389816 0.010339849628508091 
-0.11030586063861847 0.12726108729839325 -0.06865953654050827 -0.038706108927726746 0.04522520303726196 0.005557189229875803 -0.017301322892308235 0.08549552410840988 0.03471801429986954 
0.015512963756918907 0.05849647521972656 0.03484085947275162 -0.04085579141974449 0.021699588745832443 -0.006940725725144148 -0.042328957468271255 -0.01778295636177063 -0.03414114564657211 
0.01225100178271532 0.024234840646386147 -0.024393372237682343 -0.05922478809952736 0.03986026346683502 -0.059299156069755554 0.01047276146709919 -0.04190041124820709 0.0027826842851936817 
0.045014746487140656 -0.047105416655540466 0.021160060539841652 0.01985209248960018 -0.030837709084153175 -0.013931323774158955 0.04371527582406998 0.0034042086917907 -0.0552239865064621 
0.003396652638912201 0.012575555592775345 0.046575069427490234 0.02413705550134182 0.0021630602423101664 0.0022272507194429636 0.02309400402009487 -0.024880649521946907 0.0032637149561196566 
-0.008114184252917767 -0.0002187515055993572 0.009106128476560116 0.01212318055331707 -0.006443764548748732 0.02466081641614437 -0.02621516026556492 -0.019597647711634636 0.03481081500649452 
-0.09603546559810638 -0.053689319640398026 -0.0312570221722126 0.09593388438224792 -0.13334156572818756 0.05240849032998085 0.01663857512176037 -0.04436792805790901 0.009011119604110718 
-0.022173695266246796 0.010465417988598347 0.006167898420244455 0.051257386803627014 -0.026355860754847527 0.0031461750622838736 0.04902438074350357 0.033364687114953995 0.004535363055765629 
-0.018624989315867424 -0.05891380086541176 -0.08151489496231079 -0.052008308470249176 0.03042113222181797 -0.0191314909607172 -0.06896264106035233 -0.02542947046458721 -0.024857761338353157 
0.11601776629686356 0.015946846455335617 0.005161284934729338 0.045695960521698 0.07134649157524109 0.014868463389575481 0.03821926936507225 -0.00658016512170434 -0.011417056433856487 
-0.07008176296949387 -0.03058222122490406 -0.005082574672996998 0.031966421753168106 0.0882643386721611 -0.11082445085048676 0.06336066126823425 0.06869784742593765 -0.0072727687656879425 
-0.01339544728398323 -0.0020460719242691994 0.06274107098579407 -0.052980657666921616 -0.055640578269958496 -0.0003230737638659775 -0.05843472480773926 -0.00594664691016078 -0.013256404548883438 
-0.05211517959833145 -0.02295473776757717 -0.06430621445178986 -0.06010713800787926 -0.03139152005314827 -0.06656047701835632 -0.03722585365176201 -0.010166612453758717 -0.03914562985301018 
0.03545577451586723 -0.05230129137635231 -0.06364648044109344 0.03845036402344704 -0.07421356439590454 -0.08998400717973709 -0.023017123341560364 -0.09998350590467453 -0.013400532305240631 
0.015231160447001457 0.024385670199990273 0.05272691324353218 0.0378064401447773 -0.05961320176720619 0.03985099866986275 0.06786591559648514 -0.07260872423648834 -0.07920683920383453 
-0.027845656499266624 0.019160356372594833 0.027015289291739464 -0.00646663224324584 0.048276305198669434 0.0353475958108902 -0.06794265657663345 -0.030412035062909126 0.02552221156656742 
-0.02650550939142704 0.08795280009508133 -0.11958087980747223 0.003571941051632166 -0.030249539762735367 0.022582735866308212 0.02225564233958721 -0.008815825916826725 -0.029648909345269203 
0.00788083951920271 -0.019375549629330635 -0.03896351531147957 0.06421223282814026 0.008214393630623817 -0.05049771070480347 0.05836210027337074 -0.026927165687084198 -0.1135449931025505 
0.10448233783245087 0.12345748394727707 0.020555496215820312 0.025010377168655396 0.09165836870670319 0.04571525380015373 0.0043936618603765965 0.057751499116420746 0.06427821516990662 
0.023427503183484077 -0.05766995996236801 0.01296342071145773 -0.05293228477239609 -0.09057778120040894 -0.028892673552036285 -0.029100414365530014 -0.033928219228982925 -0.010155852884054184 
-0.03585709258913994 -0.03502902761101723 -0.0385231077671051 0.03898715227842331 0.042588010430336 -0.041746411472558975 -0.03409149497747421 -0.010495643131434917 0.04304680600762367 
0.016545601189136505 -0.023416796699166298 -0.07236013561487198 0.012660304084420204 -0.0733012706041336 -0.0013720416463911533 0.014379888772964478 0.0025907999370247126 0.04461890831589699 
-0.030279118567705154 0.04911847412586212 -0.021621204912662506 0.07665784657001495 -0.13143551349639893 0.05642281472682953 -0.06083289161324501 -0.05105636268854141 -0.020843347534537315 
0.060622815042734146 0.06183761730790138 -0.014851367101073265 -0.05511074140667915 -0.09159389138221741 -0.00439357478171587 0.09377898275852203 0.09173718094825745 -0.005569541826844215 
-0.06107353791594505 -0.08712667226791382 -0.0232473723590374 0.027221398428082466 0.15021675825119019 -0.030645117163658142 -0.038452185690402985 -0.0688142478466034 0.0032367422245442867 
-0.0024425392039120197 -0.04425463825464249 -0.02972637489438057 0.07734222710132599 -0.007478210609406233 -0.11403611302375793 0.03184118866920471 -0.03122858703136444 0.033013101667165756 
-0.024426808580756187 -0.013127070851624012 -0.04285230115056038 -0.015363379381597042 -0.09219247102737427 -0.03316258639097214 -0.03245134279131889 0.0647343248128891 0.04065253585577011 
0.028743429109454155 0.05308178439736366 0.06330288201570511 0.004722633399069309 0.021800128743052483 0.05059772729873657 -0.011218727566301823 -0.005148347932845354 -0.025814710184931755 
-0.07336422801017761 -0.08242670446634293 -0.003675637533888221 -0.10733646154403687 -0.1083969920873642 -0.016764231026172638 -0.10639150440692902 -0.11865390092134476 -0.02268771082162857 
-0.010035517625510693 -0.04897640645503998 -0.043657004833221436 -0.05642373859882355 -0.1300966590642929 -0.07398474216461182 -0.20988431572914124 -0.09745046496391296 0.012235404923558235 
0.015617473050951958 -0.029241185635328293 -0.04042475298047066 -0.06483682245016098 0.07119830697774887 0.15965653955936432 0.05303752049803734 0.03199438750743866 -0.028907552361488342 
0.009800386615097523 0.05776973068714142 0.03189591318368912 0.044813379645347595 0.07774075120687485 0.022529756650328636 0.028390992432832718 0.05267735943198204 0.01928146928548813 
0.009001770056784153 0.034873709082603455 0.0010379125596955419 0.014538136310875416 -0.04256971925497055 -0.027578307315707207 0.031712599098682404 0.025209859013557434 0.015725476667284966 
0.05325423553586006 0.021361825987696648 0.024630993604660034 0.020756114274263382 -0.01174949575215578 -0.0071773589588701725 0.02902897819876671 -0.01952691189944744 -0.016465388238430023 
-0.013216907158493996 0.009817421436309814 -0.01868593879044056 0.0203554630279541 0.05551114305853844 -0.009193473495543003 0.07925443351268768 0.048327624797821045 -0.01010949444025755 
-0.03023536689579487 -0.009158742614090443 0.004910610616207123 -0.020315969362854958 0.001237324089743197 -0.003262384096160531 -0.015915628522634506 0.01705813780426979 -0.0020647982601076365 
-0.011840968392789364 -0.017375601455569267 -0.009630098938941956 -0.011599837802350521 -0.007946986705064774 -0.018808754161000252 0.03656395524740219 0.043463319540023804 0.03802943229675293 
-0.018739409744739532 -0.02004232071340084 -0.046361543238162994 0.00023572586360387504 -0.033025845885276794 -0.055524054914712906 0.02273820899426937 0.03814104571938515 0.012742512859404087 
-0.011497330851852894 -0.004502785392105579 -0.015096683986485004 0.02543610706925392 -0.007475226651877165 -0.01874142326414585 -0.0025250560138374567 -0.018410762771964073 -0.0062005710788071156 
0.06451578438282013 0.05875912681221962 0.04167339950799942 -0.007134625688195229 -0.0529206246137619 -0.05275123938918114 0.03988754376769066 0.011578654870390892 0.026622897014021873 
-0.041532181203365326 -0.03711052983999252 -0.04633156582713127 0.011578334495425224 0.03046097420156002 0.020152650773525238 -0.0078033749014139175 -0.006846590433269739 -0.02273167110979557 
-0.009450346231460571 -0.03724317625164986 -0.02646120823919773 0.026856061071157455 0.02946152165532112 0.033871084451675415 0.015326248481869698 0.0206742100417614 0.019135158509016037 
-0.005263912957161665 -0.005898393224924803 -0.035657547414302826 -0.008519661612808704 -0.0099978968501091 -0.04101167991757393 0.0037823847960680723 0.028757285326719284 0.028633814305067062 
-0.06990396231412888 -0.022459153085947037 -0.008930626325309277 -0.05693082883954048 -0.005570027977228165 0.0155983567237854 -0.044242989271879196 0.013185681775212288 0.053848717361688614 
0.03094656392931938 0.03205404430627823 0.003338414244353771 -0.014289715327322483 -0.016645686700940132 -0.04069490358233452 -0.03974292427301407 -0.03805749490857124 -0.0650748535990715 
0.010859736241400242 -0.04899820312857628 -0.09238965064287186 0.007262757513672113 -0.02503167651593685 -0.03377600014209747 -0.008079838939011097 -0.033047787845134735 -0.006791508290916681 
-0.0020072809420526028 0.0006316190701909363 -0.025210043415427208 0.004838535096496344 -0.00896005891263485 0.03180889040231705 0.029679907485842705 0.03885657712817192 0.028252573683857918 
-0.04379038140177727 0.027189409360289574 0.09617636352777481 -0.013069401495158672 0.09226752817630768 0.07886374741792679 0.0017832107841968536 0.05893154814839363 -0.006142471916973591 
0.02052033133804798 -0.02017834410071373 0.01325880829244852 0.004114101640880108 0.01158836018294096 -0.0987071543931961 0.05484818294644356 0.017374206334352493 -0.022525671869516373 
0.028382182121276855 0.06390265375375748 0.010419772006571293 0.06326984614133835 0.02851264551281929 -0.03333267569541931 0.03867620229721069 -0.012019825167953968 -0.051982905715703964 
-0.005539936479181051 -0.019718028604984283 -0.010585183277726173 -0.13270489871501923 -0.05960637703537941 -0.04375895485281944 -0.11691135168075562 -0.02703402377665043 -0.00133357266895473 
-0.0534152090549469 0.049204010516405106 0.0685935690999031 0.05080730468034744 0.12441696971654892 0.05704299360513687 0.12871640920639038 0.09793999791145325 -0.016103412955999374 
-0.09385461360216141 -0.032342277467250824 -0.002382000209763646 0.026941629126667976 0.13751694560050964 0.1441468447446823 0.13042397797107697 0.1505347639322281 0.0361897274851799 
0.07184408605098724 -0.018781140446662903 -0.07735133171081543 -0.006517356727272272 -0.07716680318117142 -0.06614501774311066 -0.01836828701198101 -0.01617487706243992 0.07329729944467545 
-0.00782700628042221 -0.04886826500296593 0.01889631897211075 -0.024388598278164864 -0.047665584832429886 0.014090126380324364 0.00029953778721392155 0.016667330637574196 0.0836566612124443 
0.018919993191957474 -0.035820372402668 -0.01965225487947464 0.010055366903543472 -0.03824577480554581 0.026310812681913376 -0.03396838903427124 0.0008812972228042781 0.01316533051431179 
-0.05228419229388237 0.006695928983390331 0.050629548728466034 0.024130960926413536 0.06970714032649994 0.015240766108036041 0.03507556766271591 0.00046275227214209735 -0.06581311672925949 
0.041853077709674835 -0.008911777287721634 -0.073048897087574 -0.02168196812272072 -0.032691650092601776 -0.03710123524069786 -0.04081914573907852 0.029128864407539368 0.10676560550928116 
0.05864444747567177 0.013533174991607666 -0.040640804916620255 -0.0021439564879983664 -0.08100470155477524 -0.08471192419528961 -0.021319538354873657 -0.08410778641700745 0.03748844936490059 
-0.029309315606951714 -0.017782723531126976 0.04476895555853844 0.007934092544019222 0.010760334320366383 0.027654996141791344 0.054771531373262405 0.02472107671201229 -0.009485752321779728 
-0.04380083084106445 -0.03205437585711479 -0.0113384323194623 -0.032241713255643845 -0.019245903939008713 0.015969570726156235 -0.022205252200365067 -0.00667269853875041 0.033815640956163406 
0.0307735837996006 0.07940495014190674 0.04509133845567703 0.05988464131951332 0.06788501888513565 0.004240985494107008 -0.024087846279144287 0.004242070019245148 0.004303198307752609 
-0.012793774716556072 0.034766387194395065 0.05876325070858002 0.002663792110979557 0.143068328499794 0.1111520305275917 0.05510873720049858 0.0787195935845375 -0.030756253749132156 
