-0.04101596027612686 -0.044733114540576935 0.01588154025375843 0.042166974395513535 0.04744933918118477 0.04911835119128227 0.032499197870492935 0.0009475863189436495 -0.030880143865942955 
-0.09206084907054901 -0.04460477456450462 -0.016432886943221092 -0.057196516543626785 -0.050863347947597504 0.0012998777674511075 -0.03798452764749527 -0.033004309982061386 0.051283277571201324 
0.0020247537177056074 0.0783461332321167 0.07244140654802322 0.02988274022936821 0.04812081530690193 0.012169263325631618 0.03491464629769325 0.014351104386150837 -0.02089269645512104 
0.00018402903515379876 0.037227220833301544 0.0049749272875487804 0.05931045114994049 0.025642409920692444 -0.03814421221613884 0.036801617592573166 -0.04014956206083298 -0.05783499404788017 
0.004116167780011892 0.004524232819676399 -0.02678031660616398 -0.034609802067279816 -0.01461772806942463 -0.021748773753643036 -0.05086270347237587 -0.009219572879374027 0.046473462134599686 
0.0047196256928145885 -0.042298220098018646 -0.07222685217857361 -0.03093631938099861 -0.05118730291724205 -0.042118001729249954 -0.013697469606995583 -0.006631142925471067 0.00664838682860136 
0.047426361590623856 -0.014635500498116016 -0.08707395941019058 0.018093056976795197 -0.03608487918972969 -0.0653914362192154 -0.03806894272565842 -0.06213068962097168 -0.03314515948295593 
0.003838081145659089 0.01696738786995411 0.012944357469677925 0.01432301290333271 0.0005952898063696921 -0.02502419613301754 0.005309890024363995 -0.021078532561659813 -0.041044075042009354 
0.05192055180668831 -0.0828276127576828 -0.10935578495264053 -0.0055251880548894405 -0.08316982537508011 -0.03269008919596672 -0.08151328563690186 -0.08130182325839996 0.0032429618295282125 
-0.03023621253669262 0.03630449250340462 -0.01418947521597147 -0.011952213011682034 0.03106168657541275 0.01145449373871088 0.01171057764440775 0.035316985100507736 0.0009184307418763638 
-0.062052566558122635 0.0279987920075655 0.04430348426103592 0.019642220810055733 0.04081417992711067 0.060166120529174805 0.01282901968806982 0.031046761199831963 0.017840690910816193 
0.0433526411652565 -0.027103828266263008 -0.03431296348571777 -0.009677642025053501 -0.03506191447377205 -0.02263219654560089 -0.04400772601366043 -0.016467612236738205 -0.026397012174129486 
-0.018586864694952965 0.0009203020599670708 0.03532140702009201 -0.010178904980421066 0.016130411997437477 0.029279932379722595 0.018927134573459625 0.027847956866025925 0.029011636972427368 
-0.06727928668260574 -0.10168478637933731 -0.051123131066560745 -0.013567745685577393 0.008260521106421947 0.017880555242300034 -0.03160447999835014 -0.0824243500828743 -0.052885644137859344 
-0.20547105371952057 -0.0764109417796135 0.12246228754520416 -0.19620029628276825 0.031956855207681656 0.18325811624526978 -0.08714760839939117 0.08557718247175217 0.06931814551353455 
-0.0067695011384785175 0.025914818048477173 -0.031597964465618134 -0.011013232171535492 0.01987549662590027 -0.06794672459363937 -0.005967525765299797 -0.01333453319966793 -0.04780716821551323 
0.004119299817830324 0.059692490845918655 -0.01380936335772276 0.023129884153604507 0.009490037336945534 0.009260628372430801 0.03587538003921509 0.04748699069023132 0.04070746526122093 
-0.05892696604132652 0.003205444198101759 -0.09610641747713089 -0.09343760460615158 0.016077755019068718 -0.07887422293424606 -0.18574875593185425 0.07699643820524216 -0.14375291764736176 
-0.017298901453614235 -0.042236827313899994 -0.014441373758018017 -0.08380880206823349 0.051464349031448364 -0.008354632183909416 0.0017872118623927236 0.025060655549168587 -0.011378799565136433 
0.05926697328686714 -0.0038486714474856853 0.016972189769148827 0.03053894452750683 -0.002387687098234892 0.06953807920217514 -0.029199441894888878 0.044260282069444656 0.05256848782300949 
0.03754983842372894 -0.15937228500843048 0.00836067833006382 -0.0544213242828846 0.09956998378038406 -0.06761080771684647 0.08767828345298767 -0.14315415918827057 0.041209738701581955 
0.0321991965174675 -0.04475574567914009 0.01933925785124302 0.04020991548895836 -0.006098429672420025 0.02619638293981552 0.011010202579200268 0.03108185902237892 0.0499531514942646 
-0.017963992431759834 0.025378629565238953 0.04205754026770592 -0.06695520877838135 -0.013712456449866295 -0.018701232969760895 -0.0761110857129097 -0.005852521397173405 -0.06156705692410469 
-0.01316580269485712 0.014290640130639076 -0.010254889726638794 -0.01705855503678322 -0.028048308566212654 0.007107114419341087 0.01453932374715805 -0.019803939387202263 -0.03815990686416626 
-0.0027640480548143387 -0.02276982180774212 0.010701210238039494 0.028833121061325073 -0.04600648209452629 0.033244796097278595 -0.023888276889920235 -0.05816981941461563 0.042812902480363846 
0.06677299737930298 -0.012372376397252083 0.011416853405535221 0.004335971549153328 0.010334284044802189 -0.021588237956166267 0.012310867197811604 -0.05235768482089043 -0.10714472085237503 
0.023650377988815308 0.08858953416347504 -0.03204307705163956 -0.0568159855902195 0.05649245157837868 -0.0973668321967125 0.0005327709950506687 -0.008903770707547665 0.07145071029663086 
0.04126378148794174 -0.015884919092059135 0.03563477843999863 0.07340141385793686 -0.05360257625579834 0.043152254074811935 -0.017087798565626144 -0.04538913816213608 0.0060162669979035854 
-0.049341071397066116 -0.14863866567611694 -0.05215024575591087 -0.09081725031137466 -0.05149402096867561 -0.0764121264219284 -0.07562041282653809 -0.03054513782262802 -0.07351183891296387 
-0.015686573460698128 0.009333477355539799 0.010511629283428192 -0.03075321763753891 -0.07720109075307846 0.028097696602344513 -0.04840406775474548 0.03871776908636093 -0.012385624460875988 
0.03440360724925995 0.02126535214483738 0.07794506102800369 0.014533988200128078 -0.023015083745121956 -0.007590323220938444 -0.05571701005101204 -0.010396781377494335 -0.03787320479750633 
-0.01925172097980976 -0.07938912510871887 -0.009424780495464802 0.0195932537317276 0.005705374758690596 0.010016818530857563 -0.029648151248693466 0.05717632174491882 -0.05353110656142235 
0.017626717686653137 -0.0018111945828422904 0.006834764499217272 -0.0034547129180282354 -0.005991327576339245 0.003427279181778431 0.00591285340487957 -0.014329330995678902 -0.030962614342570305 
0.03210731968283653 0.00506616709753871 -0.023554524406790733 0.02530503273010254 0.012954832054674625 0.015949796885252 0.0009835041128098965 -0.011601329781115055 0.0333414301276207 
0.0018630161648616195 -0.03727993369102478 0.023279616609215736 0.001540872734040022 -0.011061079800128937 -0.006000685039907694 0.02147561125457287 0.00983833521604538 -0.0007740047294646502 
0.011095992289483547 0.048062652349472046 0.06492185592651367 -0.00018681734218262136 -0.017099356278777122 -0.01368923019617796 0.028032587841153145 0.002397562377154827 -0.018015868961811066 
-0.01976769231259823 -0.02942299284040928 0.02815561182796955 -0.024161072447896004 -0.005165865179151297 0.00974282156676054 0.043786562979221344 -0.011045388877391815 -0.01082123164087534 
-0.07184668630361557 -0.08044979721307755 -0.0489778034389019 -0.05310558155179024 -0.0522443987429142 -0.026124538853764534 -0.01533305924385786 -0.02463841810822487 -0.011274013668298721 
0.005815734155476093 0.03467823937535286 0.022050900384783745 -0.03250259533524513 -0.011354324407875538 0.015370947308838367 -0.07911776751279831 -0.07596179097890854 -0.04175955802202225 
0.03419937193393707 -0.005925546400249004 -0.05332407355308533 0.012469304725527763 0.01922805793583393 -0.01611361838877201 -0.052258752286434174 -0.01376773789525032 -0.039032433182001114 
-0.010721897706389427 -0.02718205563724041 -0.017986496910452843 -0.005297803785651922 -0.040669020265340805 -0.014075608924031258 0.036839839071035385 -0.029614942148327827 0.0013154541375115514 
0.005183624569326639 -0.02505415864288807 -0.024699779227375984 0.020760299637913704 -0.031488656997680664 -0.029206031933426857 0.021170875057578087 -0.007888480089604855 -0.0419924221932888 
0.003321337979286909 -0.023012209683656693 -0.007454372476786375 -0.001190838753245771 -0.009000093676149845 0.029135260730981827 0.02341477945446968 0.010302660055458546 0.004753262735903263 
-0.015451733954250813 -0.04245268553495407 -0.015385828912258148 -0.04165369272232056 -0.07469096034765244 -0.05039944127202034 -0.014027351513504982 -0.03708881884813309 -0.030678914859890938 
0.010388700291514397 -0.020788034424185753 -0.017748024314641953 -0.007964616641402245 -0.03447559475898743 -0.027537228539586067 -0.02307773567736149 -0.062312640249729156 -0.03477805107831955 
0.012495538219809532 -0.007093485910445452 0.0005591433146037161 -0.018221622332930565 -0.04875084385275841 0.02780408412218094 -0.045613884925842285 -0.0393250472843647 0.021151412278413773 
-0.14194519817829132 -0.11470214277505875 -0.1350938379764557 -0.07688286900520325 -0.05046442523598671 -0.09727515280246735 0.02679508738219738 0.05761368200182915 -0.009317470714449883 
0.04951517656445503 0.018623661249876022 0.009379150345921516 -0.0026894675102084875 -0.010456401854753494 -0.004251209087669849 -0.002011958509683609 -0.0013359076110646129 0.003822753205895424 
-0.06634639948606491 -0.03340349718928337 0.05740968883037567 -0.0813164934515953 -0.10697353631258011 -0.04084334149956703 -0.005906334612518549 -0.05526627600193024 -0.08610644936561584 
0.015125105157494545 0.010175293311476707 0.07905793190002441 0.0009640711359679699 -0.04768167436122894 0.037999726831912994 -0.006691452115774155 -0.07551946491003036 0.022481445223093033 
-0.03857894614338875 -0.07432407885789871 -0.010894367471337318 0.0205728430300951 -0.07217928022146225 -0.09728587418794632 0.049351766705513 -0.04972679167985916 -0.09122501313686371 
-0.04827694967389107 -0.04228852316737175 0.007674772758036852 0.007668526843190193 0.01629582978785038 0.01269829273223877 -0.0408078171312809 0.06364621222019196 0.04573588818311691 
0.00463732797652483 -0.03693415969610214 -0.048681799322366714 0.07468421757221222 0.014723168686032295 0.024303311482071877 0.009936591610312462 -0.02753562666475773 0.10106563568115234 
-0.07874060422182083 0.00523994630202651 0.06707669049501419 -0.028385881334543228 -0.04626794159412384 -0.041458480060100555 0.03673788160085678 -0.025744907557964325 -0.06500405818223953 
-0.06436879932880402 -0.0188993439078331 0.01541735976934433 -0.047066494822502136 -0.02804122120141983 -0.0282964538782835 -0.02049911394715309 -0.018665382638573647 -0.043521661311388016 
-0.0548514723777771 0.03212302178144455 0.09801401197910309 -0.010406670160591602 -0.06625553965568542 0.041930925101041794 0.06129099428653717 -0.047396983951330185 -0.010287842713296413 
0.0471370592713356 -0.05940878018736839 -0.1990913450717926 0.06331218034029007 0.17819052934646606 -0.06448020786046982 -0.07798115909099579 0.1308833509683609 0.01830962486565113 
-0.08300913870334625 0.02686508372426033 0.011610790155827999 0.0406729020178318 0.01563049480319023 0.032487768679857254 0.01050604972988367 -0.04499487578868866 0.03418322280049324 
0.07036887109279633 0.08483465760946274 0.04517686367034912 0.06090187653899193 0.026936044916510582 0.08316226303577423 -0.0030350417364388704 -0.042890794575214386 0.01526943314820528 
0.013145065866410732 0.03856128081679344 0.022679109126329422 -0.03810381889343262 -0.046439703553915024 -0.05289526656270027 0.0069356681779026985 -0.007805389817804098 -0.017243321985006332 
-0.017596742138266563 0.018490562215447426 0.08197043836116791 -0.04607563093304634 -0.05676083639264107 0.056035540997982025 0.00012731899914797395 -0.06789632141590118 -0.015391286462545395 
0.0047853426076471806 -0.020928435027599335 0.1039704903960228 -0.055836424231529236 -0.11732899397611618 -0.013953905552625656 0.10537219047546387 -0.1109171062707901 -0.04503672942519188 
-0.07864139974117279 0.06288421154022217 0.16406628489494324 -0.08908477425575256 -0.1341487318277359 0.05651681870222092 0.03407750651240349 -0.15815027058124542 -0.060718417167663574 
-0.04148375988006592 -0.016313644126057625 0.016225622966885567 -0.03645941615104675 -0.03685998544096947 0.004876222461462021 0.0025782817974686623 -0.042582035064697266 -0.03345850855112076 
0.022637831047177315 -0.05055718868970871 -0.006932604592293501 -0.03957078978419304 -0.021745795384049416 0.05426131188869476 -0.04257664456963539 0.032361116260290146 0.06893738359212875 
0.0500572994351387 -0.012875363230705261 -0.05215207487344742 0.048756394535303116 -0.0730551928281784 -0.07961004972457886 0.0006380146951414645 -0.08345480263233185 -0.0268650371581316 
-0.047211676836013794 0.032780926674604416 0.06362248957157135 -0.008623414672911167 0.06657915562391281 0.04003135859966278 0.12188643217086792 -0.013108356855809689 -0.008652528747916222 
-0.05288193002343178 0.00867480505257845 0.053963758051395416 0.026549331843852997 0.06368952989578247 0.02452978864312172 0.06765539199113846 0.05115819349884987 0.022850090637803078 
0.03022671490907669 -0.02470121718943119 0.038113631308078766 0.018868468701839447 -0.010010087862610817 0.09263680875301361 0.050487060099840164 0.024389667436480522 0.022488195449113846 
-0.008990670554339886 0.013995321467518806 0.004226225428283215 -0.006604534573853016 0.012909796088933945 -0.0036282711662352085 -0.002404387341812253 -0.01813516393303871 -0.012838991358876228 
-0.05854770541191101 -0.04231828823685646 -0.032700806856155396 -0.08191298693418503 -0.06021936982870102 0.007612715475261211 -0.05001375451683998 -0.000734865025151521 0.07492928206920624 
-0.03795329108834267 -0.14135774970054626 -0.061468593776226044 -0.14831967651844025 -0.10216754674911499 0.06582648307085037 -0.09491889923810959 0.04787255823612213 0.1712915003299713 
0.11079784482717514 0.120247982442379 -0.11680302023887634 0.122220478951931 -0.06446884572505951 -0.20785678923130035 -0.010378084145486355 -0.17773303389549255 -0.12742547690868378 
0.0308633204549551 0.0423019677400589 0.03507240489125252 -0.004008376505225897 -0.02617747336626053 -0.016368580982089043 -0.030872905626893044 -0.051126718521118164 -0.0338108167052269 
-0.018034355714917183 -0.006071289069950581 0.015438403002917767 -0.00817814376205206 0.015053889714181423 -0.003599325427785516 -0.00517835421487689 0.03564884886145592 -0.007611033972352743 
0.02439769171178341 -0.03365381434559822 0.01873181387782097 -0.04139161482453346 -0.05138601362705231 -0.000537759973667562 -0.042441774159669876 -0.002845597919076681 0.00810891855508089 
0.0008376915357075632 -0.020099617540836334 -0.0238132793456316 -0.03937242552638054 -0.021899515762925148 -0.024133216589689255 0.0051093329675495625 0.011498150415718555 0.014764777384698391 
0.07106200605630875 0.060082316398620605 -0.03855985030531883 -0.041264858096838 0.0027420346159487963 -0.061412375420331955 -0.035799529403448105 -0.0017577284015715122 -0.01187774259597063 
-0.04477660357952118 -0.14724774658679962 -0.05655661225318909 -0.08960277587175369 -0.03349824994802475 0.09778071194887161 -0.05020471289753914 0.0432610847055912 -0.007627102546393871 
-0.04864948242902756 0.012279180809855461 0.01219012588262558 -0.05667480453848839 0.004472935106605291 -0.034200362861156464 -0.06919517368078232 -0.05024299398064613 -0.08667492121458054 
-0.05592997744679451 -0.07922139763832092 -0.08391523361206055 -0.1526813507080078 -0.12120100110769272 -0.09365653991699219 -0.07589221745729446 -0.06711490452289581 -0.057487089186906815 
0.02553512528538704 0.03787072375416756 -0.013010578230023384 -0.02300085686147213 0.009707191027700901 -0.06939301639795303 -0.01913432776927948 0.034717198461294174 -0.06903740018606186 
-0.0054574329406023026 -0.023217052221298218 -0.016725627705454826 0.02576805278658867 0.034676212817430496 -0.016327878460288048 0.04056960344314575 0.01930280402302742 0.04351715371012688 
0.10046014934778214 0.13817450404167175 0.0807851180434227 0.0596492700278759 0.06892839074134827 0.033774182200431824 0.0411096028983593 -0.04022064059972763 -0.07020565867424011 
-0.04823816940188408 -0.017123190686106682 -0.018293200060725212 0.041282571852207184 0.053363461047410965 0.04091353714466095 -0.04792005568742752 -0.011276242323219776 0.0769876092672348 
0.07357770204544067 0.053448062390089035 0.004858461674302816 -0.00014460687816608697 0.01022846344858408 -0.025112701579928398 -0.083920918405056 -0.062225908041000366 -0.055912699550390244 
-0.012838560156524181 0.0177933257073164 0.013133701868355274 -0.04728510230779648 0.024284513667225838 0.03390681743621826 -0.06271058320999146 -0.016082944348454475 0.010921436361968517 
-0.014515441842377186 -0.01813613623380661 -0.049753352999687195 -0.03149520978331566 0.04402962327003479 0.04246877133846283 -0.04386060684919357 0.015052768401801586 0.0312691293656826 
-0.02255425415933132 -0.014932196587324142 -0.007530427072197199 -0.0010455121519044042 -0.0248071551322937 -0.014657275751233101 0.01894691400229931 0.05904358625411987 0.07228969782590866 
-0.07748697698116302 -0.08425982296466827 -0.05587112903594971 -0.0874502956867218 -0.13095621764659882 -0.053213559091091156 -0.08354064077138901 -0.11724592745304108 0.03471267595887184 
0.02237395942211151 0.041360922157764435 -0.0008871693862602115 -0.02139262668788433 -0.018995963037014008 -0.1005147248506546 -0.056768130511045456 -0.08931546658277512 -0.0859934389591217 
-0.08227211982011795 -0.06301666796207428 0.014061869122087955 -0.08230733126401901 0.008423066698014736 0.09399504959583282 -0.02286691404879093 0.03270376846194267 0.05777323246002197 
0.005137570668011904 -0.03019733354449272 -0.02861681953072548 -0.022977879270911217 -0.03756516054272652 0.00019424542551860213 -0.018206512555480003 -0.028538480401039124 0.03603385016322136 
-0.01791938953101635 0.03602352365851402 0.06047371029853821 0.003710000542923808 0.05864713713526726 -0.006312133744359016 0.0659867599606514 0.05983845517039299 -0.08086506277322769 
-0.0279387254267931 0.045296523720026016 0.08651459217071533 -0.013976986519992352 0.021382419392466545 0.04499570280313492 0.02196337655186653 -0.009944450110197067 0.0082668736577034 
-0.021489188075065613 -0.06362974643707275 -0.07551019638776779 -0.027796940878033638 -0.05396777763962746 -0.03322749212384224 -0.002850808436051011 -0.0423777736723423 0.020095255225896835 
-0.036491602659225464 0.01628577709197998 -0.033973172307014465 -0.03155151382088661 -0.009777195751667023 -0.032569218426942825 -0.011441513895988464 0.0072873919270932674 -0.003809642046689987 
0.0490877628326416 -0.023453421890735626 0.026547230780124664 0.060981109738349915 0.008152740076184273 0.05014108866453171 0.009746024385094643 0.039971593767404556 -0.00969270896166563 
-0.0819643884897232 -0.042897336184978485 -0.043323177844285965 -0.0372212752699852 -0.01059742271900177 -0.026592105627059937 -0.05535649135708809 0.05913159251213074 0.011984833516180515 
-0.0522952526807785 -0.09491252899169922 -0.05867597833275795 -0.11465269327163696 -0.11925581842660904 -0.11278372257947922 -0.14789892733097076 -0.10834959149360657 -0.10436934977769852 
0.029019692912697792 0.013174462132155895 0.054619669914245605 -0.010365619324147701 0.04467790201306343 -0.011408328078687191 -0.08411303907632828 -0.04323086887598038 -0.05014737322926521 
-0.028722671791911125 -0.04036007449030876 -0.028101932257413864 0.015651443973183632 0.02728339098393917 0.0006332240882329643 0.042719610035419464 0.03427179530262947 -0.010495212860405445 
-0.02512405253946781 -0.01777331531047821 -0.004303538240492344 0.012164738960564137 0.007220223546028137 0.009764917194843292 0.03582718223333359 0.00769874406978488 -0.0001151751639554277 
0.05161376670002937 0.045195452868938446 0.01509191282093525 0.04659092426300049 0.0004492752195801586 0.0043634152971208096 0.010763316415250301 -0.0633908361196518 -0.008865764364600182 
-0.05105679854750633 -0.025986474007368088 -0.12478815019130707 0.0233593862503767 0.07483746111392975 -0.008187700994312763 0.05200871825218201 0.05197186768054962 -0.034973811358213425 
-0.05139335244894028 -0.009342411532998085 0.04197701811790466 0.007678383961319923 0.004932098556309938 0.00449525099247694 -0.015799250453710556 -0.008296548388898373 -0.06433458626270294 
0.005533005576580763 -0.0166435856372118 -0.028564410284161568 -0.05985519289970398 -0.04026436060667038 -0.06076565012335777 0.007144041359424591 0.00312212435528636 -0.023062890395522118 
-0.06026626378297806 0.030198531225323677 0.02780110575258732 0.01948533020913601 0.04522392526268959 0.033858682960271835 -0.04993684962391853 -0.06947073340415955 -0.05430004000663757 
0.017075246199965477 -0.0024061272852122784 0.029691949486732483 -0.0048104929737746716 -0.03500407561659813 -0.03738026320934296 0.05508221685886383 0.07672083377838135 0.04375774785876274 
-0.02561653032898903 -0.020819906145334244 -0.051420729607343674 -0.024571428075432777 -0.08861726522445679 -0.06770820915699005 -0.07004369795322418 0.023760830983519554 0.022275909781455994 
0.014663461595773697 0.07120053470134735 0.07785321772098541 0.06572939455509186 0.0627618208527565 0.046590227633714676 -0.08953467011451721 -0.11558271944522858 -0.09781476110219955 
0.034497153013944626 0.02652255818247795 0.03582221269607544 -0.029204338788986206 -0.035103145986795425 -0.0098784314468503 -0.008914105594158173 -0.006434171926230192 -0.01779799535870552 
0.00841198768466711 0.009369582869112492 0.04722306504845619 -0.0067058950662612915 -0.07828237116336823 0.0622728206217289 0.006976744160056114 -0.041206344962120056 -0.0010101349325850606 
-0.002773473970592022 -0.15202906727790833 -0.03134011849761009 0.0924811139702797 -0.17247895896434784 0.17936867475509644 -0.0740538090467453 -0.0765213891863823 -0.05246856063604355 
0.021747954189777374 -0.1120394691824913 0.04805903881788254 0.04684040695428848 -0.15317945182323456 -0.08192620426416397 -0.04215981066226959 -0.021945981308817863 -0.0844910591840744 
-0.02765791304409504 0.034756600856781006 -0.06858484447002411 -0.04419325292110443 -0.007995035499334335 0.0442657470703125 -0.011595459654927254 -0.13434475660324097 0.01687433011829853 
0.05352465435862541 -0.06412620842456818 -0.027996981516480446 0.015127847902476788 0.12570379674434662 -0.10959596186876297 -0.09061665832996368 -0.04398206248879433 -0.00788890104740858 
-0.030119141563773155 0.06195898354053497 0.04964571073651314 0.039252735674381256 0.0471489317715168 0.026016660034656525 -0.0015041189035400748 0.06164296716451645 -0.013761002570390701 
-0.039370857179164886 -0.06726813316345215 -0.004851118195801973 -0.034542374312877655 -0.09583834558725357 -0.033757470548152924 0.019652634859085083 -0.023177064955234528 -0.027598487213253975 
0.037205398082733154 -0.029010672122240067 0.00922810472548008 0.07325021177530289 0.012838665395975113 0.02083035185933113 0.005134898237884045 0.03492005541920662 0.0038565064314752817 
-0.010042433626949787 -0.030627069994807243 0.02854476310312748 0.05188100039958954 -0.001918486668728292 0.042851801961660385 -0.014455914497375488 -0.004544276278465986 0.04261013865470886 
-0.02005576156079769 -0.050996460020542145 -0.01496373862028122 -0.03945796936750412 0.07246778905391693 0.09313399344682693 -0.028126277029514313 0.014836161397397518 -0.0997096449136734 
-0.03478727117180824 -0.11685970425605774 -0.0236347783356905 -0.1106882244348526 -0.06522111594676971 0.05097576230764389 -0.07469968497753143 -0.007495963014662266 0.016584308817982674 
0.026257935911417007 0.04270743951201439 -0.05012364313006401 0.04572923481464386 0.06530525535345078 -0.051602791994810104 0.0005471237818710506 0.008976129814982414 0.0034405060578137636 
-0.035315047949552536 -0.07202835381031036 -0.0029191020876169205 -0.00273893098346889 -0.10726931691169739 0.025064652785658836 -0.03890807926654816 -0.07414189726114273 -0.12753532826900482 
0.03835946321487427 -0.06297402083873749 -0.08022432774305344 0.04460887983441353 -0.17313125729560852 0.006151096895337105 0.007425279822200537 -0.061482977122068405 -0.07871411740779877 
-0.02251932956278324 -0.049616556614637375 -0.013095215894281864 0.010921197012066841 -0.021664483472704887 0.03517995402216911 -0.011343150399625301 0.028567731380462646 -0.03581102564930916 
0.029912717640399933 0.028883876278996468 -0.03599018231034279 -0.013259420171380043 -0.025840384885668755 -0.023008041083812714 0.015951968729496002 0.07383806258440018 -0.022448988631367683 
-0.09703944623470306 -0.09103361517190933 -0.07315921783447266 -0.06198779121041298 -0.07450646162033081 -0.09669850021600723 -0.040291622281074524 0.016740456223487854 -0.009941278956830502 
0.0830274447798729 -0.030000638216733932 0.04184551164507866 0.0940701812505722 -0.023552948608994484 0.07334594428539276 -0.011331397108733654 0.041497763246297836 -0.055221784859895706 
0.005218976642936468 -0.03851408138871193 0.00296035036444664 0.05654915049672127 -0.02854611910879612 -0.054310694336891174 -0.03336522355675697 -0.00860252883285284 0.027977166697382927 
0.05743684247136116 0.044715963304042816 -0.05364571884274483 0.08560765534639359 0.036927927285432816 0.04142478480935097 -0.010900961235165596 -0.07844646275043488 -0.06614935398101807 
-0.08360699564218521 -0.15519797801971436 -0.11665181070566177 -0.04645654186606407 0.14022575318813324 -0.005031812936067581 -0.04412167891860008 -0.1450888067483902 -0.09210513532161713 
0.029198111966252327 0.021640056744217873 0.018045028671622276 0.04251865670084953 0.03607507422566414 0.025845829397439957 0.006759956944733858 0.02385617420077324 -0.007016882766038179 
0.02589651569724083 0.024808485060930252 0.07001660764217377 0.0826546847820282 0.0764629989862442 0.07430878281593323 0.05817539617419243 0.033240415155887604 0.012969228439033031 
-0.03637542948126793 0.01322169229388237 -0.049102187156677246 -0.047131817787885666 -0.009303160011768341 -0.040956541895866394 -0.0469985157251358 0.005810889881104231 0.028924109414219856 
0.008434509858489037 -0.010094611905515194 0.02780778333544731 0.021822962909936905 0.019226832315325737 0.0320151261985302 -0.02971727028489113 -0.05271786078810692 -0.0924481451511383 
-0.06496960669755936 -0.04990975186228752 -0.016498064622282982 -0.04309287294745445 0.06472121179103851 0.030204864218831062 0.02621685527265072 0.08086257427930832 0.03430157154798508 
0.07157223671674728 0.029944265261292458 0.051238544285297394 -0.07152747362852097 -0.044862959533929825 -0.061870772391557693 -0.00975759420543909 0.032379090785980225 -0.019867200404405594 
-0.04800128564238548 0.031009379774332047 0.023847008123993874 0.01391858235001564 0.030421636998653412 -0.007630840875208378 -0.007578050252050161 -0.014318385161459446 -0.019918913021683693 
0.0043799844570457935 -0.1485343724489212 -0.027027705684304237 0.020489932969212532 -0.07101888954639435 0.01254279911518097 -0.00512635288760066 -0.013825176283717155 -0.09070856124162674 
0.018537428230047226 -0.0013747286284342408 0.02538088709115982 0.007597301155328751 -0.14639794826507568 -0.11413542181253433 -0.007317523937672377 0.04413391649723053 -0.014635599218308926 
0.02712063305079937 0.02579045481979847 -0.004124156665056944 -0.019710419699549675 -0.010828923434019089 -0.015327944420278072 -0.012463808991014957 0.030446123331785202 -0.030366070568561554 
-0.01097286120057106 -0.07310929149389267 -0.026352781802415848 -0.012008004821836948 -0.05056358128786087 -0.0546528697013855 -0.00818909052759409 -0.0016176023054867983 -0.017563866451382637 
-0.03352025896310806 -0.12239785492420197 -0.08373185992240906 -0.09136597812175751 -0.038784321397542953 -0.0964512825012207 -0.1363031268119812 -0.12446702271699905 -0.15402857959270477 
0.0004172448243480176 0.0647432953119278 -0.056017402559518814 -0.11136175692081451 0.03343969210982323 -0.07144280523061752 0.037695031613111496 -0.004140526056289673 0.035798583179712296 
-0.031371407210826874 0.043167244642972946 0.008076997473835945 -0.0486799031496048 0.019384609535336494 0.035374805331230164 0.13117356598377228 -0.03146777302026749 -0.03071700595319271 
0.0211479589343071 0.02503243461251259 -0.01088742259889841 -0.03957906737923622 0.06705021858215332 0.025721414014697075 -0.05983424559235573 0.0021806901786476374 0.07346508651971817 
-0.06095863878726959 -0.01780073717236519 0.030781427398324013 -0.026312265545129776 -0.18931661546230316 -0.1726345419883728 -0.03738299757242203 0.12737038731575012 0.05007005110383034 
0.010150859132409096 0.020033130422234535 -0.0006722673424519598 -0.0028905340004712343 0.033899519592523575 0.0075192698277533054 0.03524113446474075 0.0008728464017622173 -0.0340629406273365 
-0.022265637293457985 -0.03824840858578682 -0.04207158833742142 -0.025576366111636162 -0.033169422298669815 -0.022928252816200256 0.008854405023157597 0.05507687106728554 0.04057515040040016 
0.044829241931438446 -0.026101671159267426 -0.011556338518857956 -0.011713646352291107 -0.06802701205015182 -0.019763942807912827 0.030193399637937546 0.07052202522754669 0.06038520485162735 
0.030859995633363724 -0.011985034681856632 0.01985117979347706 0.0014541279524564743 -0.03506153076887131 0.002026432193815708 0.012177256867289543 0.00880586076527834 -0.0013975079637020826 
0.023988500237464905 0.07249035686254501 0.026979200541973114 0.007573600392788649 0.06232762709259987 -0.014139734208583832 0.007240809965878725 -0.0689006894826889 0.06571356952190399 
-0.07084988802671432 -0.07494735717773438 -0.08170031011104584 0.029509013518691063 0.08431072533130646 0.043947555124759674 -0.010886278003454208 -0.05408665910363197 -0.037904977798461914 
0.04089963063597679 -0.044136323034763336 0.005947174970060587 -0.0002784251992125064 -0.030778560787439346 0.02873779833316803 -0.030409052968025208 0.0029130768962204456 0.04257291182875633 
-0.036032166332006454 0.02941608801484108 0.005131159443408251 0.0035464491229504347 0.0429186150431633 0.015682434663176537 0.02292678691446781 0.015557677485048771 0.09433460980653763 
0.020976558327674866 -0.05295345187187195 -0.05743728205561638 -0.059617575258016586 0.14825884997844696 0.08216691762208939 0.01568879932165146 0.018037786707282066 -0.01410481333732605 
0.02561800181865692 0.03436875715851784 -0.0015860318671911955 0.00012784831051249057 -0.0032306534703820944 -0.01559500116854906 -0.0032749699894338846 -0.042921505868434906 0.009111660532653332 
0.009978299960494041 0.011938752606511116 0.043424226343631744 -0.06035517528653145 0.00716300867497921 -0.015203062444925308 0.0053933048620820045 0.029156245291233063 0.016408037394285202 
-0.034005533903837204 -0.00797257199883461 -0.030214976519346237 -0.050576649606227875 0.04040883108973503 -0.06174417957663536 -0.07083238661289215 -0.04848809912800789 -0.09338217973709106 
-0.02032517082989216 0.014087546616792679 -0.0006383329746313393 0.02335331402719021 0.10241039097309113 -0.0007428870885632932 0.05151341110467911 0.054269254207611084 0.01838863641023636 
-0.011117210611701012 0.015877872705459595 -0.04624183848500252 -0.14082710444927216 -0.09949908405542374 -0.10906751453876495 -0.1309216171503067 -0.1754472702741623 -0.0473896823823452 
-0.050267238169908524 -0.05285438522696495 0.007176932878792286 0.007960152812302113 0.046360649168491364 0.022773222997784615 0.05745460465550423 0.08481065928936005 0.07524699717760086 
-0.04329977184534073 0.057065241038799286 -0.0418286956846714 -0.025721611455082893 -0.09910125285387039 0.029395779594779015 -0.017197560518980026 0.08219388872385025 0.0260052178055048 
0.04473264515399933 0.07798082381486893 0.043093565851449966 0.017018575221300125 0.04030720517039299 -0.0015567019581794739 -0.03884711116552353 -0.07648386806249619 -0.05903003737330437 
-0.04047534987330437 -0.060281891375780106 -0.03423479571938515 0.01543788705021143 -0.015283945016562939 -0.006263008341193199 0.0789157971739769 0.054043930023908615 0.0038130166940391064 
0.0053082178346812725 -0.024585675448179245 0.05661487579345703 0.05547124519944191 0.00858974177390337 0.0821305438876152 -0.02603793889284134 -0.0628039538860321 -0.020569032058119774 
-0.14264467358589172 -0.0670253336429596 -0.04888932779431343 -0.09317803382873535 -0.00984424538910389 -0.042332153767347336 0.1100132018327713 0.13076616823673248 -0.006490225438028574 
-0.0213500764220953 -0.044190194457769394 -0.02113019861280918 -0.01831323839724064 -0.052831195294857025 -0.039529141038656235 -0.045884255319833755 -0.04961232841014862 0.04190404713153839 
0.0079871267080307 -0.023946039378643036 -0.02844197116792202 0.045211128890514374 0.03236720338463783 0.002024858258664608 -0.05609660968184471 -0.06390243023633957 -0.012377525679767132 
-0.05118844285607338 -0.034278273582458496 -0.015795491635799408 0.017685912549495697 0.013534298166632652 0.016995927318930626 -0.023465383797883987 -0.00932700838893652 -0.013933220878243446 
-0.002964284271001816 -0.0060069072060287 -0.023475928232073784 0.007484524045139551 -0.013866376131772995 -0.019861074164509773 0.011169749312102795 -0.019041387364268303 -0.018347883597016335 
0.01106574572622776 0.020264705643057823 -0.004211999010294676 -0.004584633745253086 0.0830918475985527 0.014195107854902744 -0.06284420937299728 -0.06391803920269012 -0.032675761729478836 
0.024600865319371223 0.11452136933803558 0.05406738445162773 0.041000187397003174 0.0522296167910099 -0.05907749757170677 -0.13731029629707336 -0.14002113044261932 -0.08542247116565704 
0.0366036631166935 0.008723008446395397 -0.001631549559533596 -0.013389254920184612 -0.019326580688357353 -0.007321355864405632 -0.04237985610961914 -0.006777507718652487 0.006689499132335186 
-0.042593374848365784 -0.0894746333360672 -0.043607551604509354 -0.08897706866264343 -0.10977517068386078 -0.08287139236927032 0.005265302490442991 -0.0500553734600544 -0.0702843889594078 
-0.09047123044729233 -0.027401713654398918 -0.013593019917607307 -0.13212518393993378 0.020178422331809998 -0.027043789625167847 -0.10282095521688461 -0.028516655787825584 -0.03592776507139206 
-0.07445112615823746 -0.059068042784929276 -0.05597065016627312 -0.13549776375293732 -0.14539745450019836 0.029333967715501785 0.02421000227332115 -0.039090584963560104 0.04636675491929054 
0.02869381196796894 -0.010908380150794983 0.0026512262411415577 0.03357619047164917 0.0482921227812767 -0.010614537633955479 -0.07706165313720703 -0.04288441315293312 -0.04355182871222496 
-0.04295196011662483 -0.0075798556208610535 0.0069782850332558155 0.11385811865329742 0.10054567456245422 -0.02941094897687435 0.007572904694825411 -0.047627512365579605 -0.02454913593828678 
0.054367270320653915 0.019892258569598198 0.06145620346069336 0.05361548438668251 -0.008840936236083508 0.022116264328360558 0.05389420688152313 -0.024208419024944305 -0.027147671207785606 
0.006243986543267965 0.016182785853743553 -0.0070992629043757915 0.014582451432943344 0.00585648650303483 0.0008039813837967813 0.013331413269042969 0.0305583868175745 -0.0026698040310293436 
0.009524219669401646 0.010631965473294258 -0.0145424734801054 0.05803890526294708 0.021995704621076584 -0.00954172108322382 -0.011900714598596096 0.011448773555457592 -0.007903139106929302 
-0.019364112988114357 -0.022444887086749077 -0.008865585550665855 0.013003261759877205 0.0479569248855114 0.015999212861061096 -0.027483783662319183 -0.0096132168546319 -0.01931605115532875 
-0.031844452023506165 -0.014498507604002953 -0.05372622236609459 0.006921904627233744 0.09766669571399689 -0.022919882088899612 -0.036287207156419754 0.02242845855653286 -0.04598592594265938 
-0.0522465854883194 0.009842709638178349 0.01285847183316946 -0.09415356069803238 -0.007017570547759533 0.002942039631307125 -0.03240460157394409 0.014679326675832272 -0.014679989777505398 
0.035062845796346664 0.020049061626195908 -0.014268998056650162 0.08746980130672455 0.01894940622150898 -0.06681092083454132 0.008805119432508945 -0.026814794167876244 -0.04954167827963829 
-0.0906311646103859 -0.07898352295160294 -0.02187640406191349 -0.10806085914373398 -0.061202432960271835 -0.0020613016095012426 -0.05187397077679634 -0.08025998622179031 -0.009425165131688118 
-0.06710676848888397 0.011393500491976738 -0.03646466135978699 -0.1325823962688446 -0.08838393539190292 -0.012878184206783772 -0.03597664460539818 -0.0558335967361927 -0.004116225987672806 
-0.025771450251340866 0.02094360440969467 -0.01252173725515604 -0.02811550162732601 0.003434176789596677 -0.018344515934586525 0.040062300860881805 0.023446328938007355 -0.025330746546387672 
-0.0057440525852143764 -0.0034415610134601593 0.024405092000961304 -0.004984463565051556 -0.0428643561899662 0.009822096675634384 0.009885670617222786 -0.02116222493350506 0.0071053095161914825 
0.004634201992303133 -0.0231183972209692 -0.004753571003675461 -0.002418386284261942 -0.03830891475081444 -0.02171977236866951 -0.019806528463959694 -0.0656745582818985 -0.010170183144509792 
-0.05766423046588898 0.009695922024548054 -0.0030622435733675957 -0.04351264610886574 0.007027138955891132 -0.025470785796642303 -0.04169217497110367 -0.020011577755212784 -0.02762916311621666 
-0.08909869194030762 -0.010751144960522652 -0.05506422743201256 -0.018930897116661072 0.04200640693306923 0.010096665471792221 -0.044109638780355453 0.02762589044868946 -0.004897922743111849 
-0.018750734627246857 -0.04529416188597679 -0.02717500366270542 -0.0067008668556809425 -0.0798826664686203 -0.04730537533760071 0.07953871041536331 -0.03547470644116402 -0.09790962189435959 
-0.009378566406667233 -0.003296799259260297 0.002571483375504613 -0.028720228001475334 0.0060181282460689545 0.04746240749955177 -0.028074733912944794 -0.012910748831927776 -0.023820511996746063 
-0.023550953716039658 -0.020013682544231415 -0.013848110102117062 0.05530990660190582 0.02107626385986805 -0.028109228238463402 0.01718609593808651 0.00016074025188572705 -0.03709297254681587 
-0.04143337905406952 -0.07601658999919891 -0.022450855001807213 -0.02519434690475464 -0.07209712266921997 -0.04804405942559242 0.015185326337814331 -0.0383945070207119 -0.04210790619254112 
-0.008098025806248188 0.0369403250515461 0.10216093063354492 -0.07068401575088501 -0.034815240651369095 0.09718943387269974 -0.02205040119588375 -0.03067072108387947 0.035451967269182205 
0.10237021744251251 -0.13665857911109924 -0.18307270109653473 0.21231026947498322 -0.007167109753936529 -0.19929556548595428 0.09569096565246582 0.07771294564008713 -0.09250087291002274 
-0.013462364673614502 -0.020556287840008736 -0.020164769142866135 0.014896975830197334 -0.047752782702445984 -0.05906489118933678 0.033522337675094604 -0.03262590616941452 -0.05008169636130333 
0.026061125099658966 0.09571363031864166 0.005061041563749313 0.0028859744779765606 0.06751371920108795 0.02767208218574524 -0.0006725637940689921 0.0365639366209507 0.06407710164785385 
-0.04546509310603142 -0.02858106419444084 -0.0065692211501300335 -0.04722636565566063 0.0003632006992120296 0.053474120795726776 -0.037356533110141754 -0.025899045169353485 0.008824951015412807 
0.0005795441102236509 0.02614487148821354 -0.005477694794535637 0.04137364774942398 0.061280034482479095 0.018214674666523933 -0.012912062928080559 0.029233727604150772 0.05555233731865883 
-0.011950922198593616 0.01968754455447197 -0.0004139582742936909 0.0014729838585481048 0.024859659373760223 -0.013405084609985352 0.026928182691335678 0.01629835180938244 -0.03403928130865097 
-0.08904372900724411 0.0804608166217804 0.05933652073144913 -0.137632355093956 0.05298132449388504 0.12637560069561005 -0.14272695779800415 -0.060316696763038635 0.03972199559211731 
-0.018959766253829002 0.014857655391097069 -0.03293300420045853 -0.00776704354211688 0.02711963653564453 -0.039908308535814285 -0.015720292925834656 -0.006019166205078363 -0.06076926365494728 
-0.007140976842492819 -0.014385700225830078 0.01682213693857193 -0.024676132947206497 -0.020884132012724876 -0.012873230502009392 -0.009118427522480488 -0.018920423462986946 -0.006089039146900177 
-0.007655411493033171 0.009872292168438435 -0.04085685685276985 0.013978165574371815 0.00822378695011139 -0.024323632940649986 -0.0211174413561821 -0.04016456753015518 -0.05655968561768532 
0.010987427085638046 0.012439687736332417 -0.019028881564736366 0.0413038469851017 0.009479246102273464 -0.02436736971139908 0.03346579521894455 -0.018484635278582573 -0.032113995403051376 
-0.03132221847772598 0.0038501268718391657 0.010937340557575226 0.010650980286300182 0.009158622473478317 -0.00699144322425127 -0.016600623726844788 -0.039383456110954285 -0.045367512851953506 
-0.02111194282770157 0.008401500061154366 0.0035015649627894163 -0.024059653282165527 0.019236532971262932 0.022089939564466476 -0.0006373046198859811 -0.0066294679418206215 -0.01410765666514635 
0.0215095616877079 0.02941928617656231 0.0065245009027421474 0.03608844801783562 0.044743169099092484 0.020916778594255447 -0.0577215850353241 -0.04267704859375954 -0.05270705744624138 
0.002200228860601783 -0.0016649984754621983 0.008522672578692436 -0.0013399068266153336 0.00022802231251262128 -0.0007951130392029881 -0.002419966971501708 0.0023875455372035503 -0.00581333925947547 
0.00037717094528488815 -0.014813315123319626 -0.006750044878572226 0.0001455693709431216 -0.004708468448370695 0.000672327762003988 0.017753206193447113 0.0031164060346782207 0.00876177940517664 
-0.014719288796186447 -0.007874739356338978 0.02343849278986454 -0.03004627116024494 0.0025949825067073107 0.017037007957696915 -0.020223036408424377 0.010377970524132252 0.028361845761537552 
-0.01125766895711422 -0.002921515144407749 0.02297869138419628 -0.03462110459804535 -0.008561640046536922 0.058523230254650116 -0.05450133979320526 -0.04289567470550537 0.032401952892541885 
-0.012776320800185204 -0.037838906049728394 -0.05081635341048241 -0.06501181423664093 -0.04930264502763748 -0.039430584758520126 -0.050481509417295456 -0.053731221705675125 -0.004617622587829828 
-0.021236350759863853 0.02898239530622959 0.0234708022326231 -0.058601923286914825 0.0172723438590765 0.019931761547923088 -0.03847214952111244 0.021726347506046295 0.01724654994904995 
-0.004095209296792746 0.0815911665558815 0.10475113987922668 0.03664664551615715 0.09348133206367493 0.10871012508869171 0.029133671894669533 0.06540469825267792 0.07170011848211288 
-0.03821190446615219 -0.0003725848509930074 -0.00925434846431017 -0.011123647913336754 0.01395931001752615 -0.021033046767115593 0.02240380458533764 -0.007194481790065765 0.003593527479097247 
0.01750924624502659 -0.014598427340388298 0.0005477257072925568 0.019067201763391495 0.0004789392405655235 0.018774276599287987 0.01772323064506054 0.003038054099306464 0.02278626710176468 
0.003124366980046034 0.032517559826374054 0.024989502504467964 0.04418255016207695 0.07550102472305298 0.08529683947563171 0.014280646108090878 0.05938158184289932 0.08072648197412491 
-0.0662020817399025 0.05036117509007454 0.028605537489056587 0.026403626427054405 0.05139334127306938 0.01748148538172245 -0.0036822243127971888 -0.02672683633863926 0.009687223471701145 
-0.08743071556091309 0.07710180431604385 0.023302268236875534 -0.002308911643922329 0.09425146877765656 -0.07778623700141907 0.1156238466501236 0.05355911701917648 -0.029607674106955528 
-0.045935116708278656 -0.029251551255583763 -0.07298597693443298 -0.028477618470788002 -0.02581234835088253 -0.037469733506441116 -0.013461885042488575 0.031351007521152496 0.009198802523314953 
-0.004041195847094059 -0.003934972919523716 0.028627803549170494 0.007595163770020008 0.007677337620407343 0.016929281875491142 0.012320438399910927 0.002406094688922167 0.04708128422498703 
0.09609099477529526 -0.01433278527110815 -0.09935693442821503 -0.010170968249440193 -0.10227653384208679 0.04288743808865547 -0.08432750403881073 0.15821687877178192 0.0974864736199379 
-0.0161798894405365 -0.05540870130062103 -0.07996725291013718 -0.02551325224339962 -0.05474186688661575 -0.018100855872035027 -0.03607335686683655 -0.025905972346663475 0.023806340992450714 
-0.023214515298604965 -0.03972482308745384 -0.03628150746226311 -0.008478093892335892 -0.019382642582058907 -0.033502209931612015 -0.03848657384514809 -0.03168715164065361 -0.01426046621054411 
0.03710440918803215 0.02213495783507824 0.03838023915886879 0.06446339935064316 9.853162919171154e-05 -0.04249969869852066 0.01295662485063076 -0.04046597331762314 -0.03434114530682564 
-0.05992962047457695 -0.01997077837586403 0.03952036425471306 -0.04074028506875038 -0.0006561356130987406 0.05537589266896248 0.005411628168076277 0.037703998386859894 0.04812578484416008 
-0.036225393414497375 0.056518323719501495 0.0053450013510882854 -0.007856858894228935 -0.010805031284689903 -0.039997391402721405 0.004030994139611721 0.00870494730770588 0.015089326538145542 
-0.007104347459971905 0.08566860109567642 0.005419041961431503 0.07616645842790604 0.021719124168157578 -0.06092146411538124 -0.01183314062654972 -0.03690313547849655 0.048946574330329895 
0.025437412783503532 -0.03333509340882301 -0.08327758312225342 -0.050167616456747055 -0.07281748950481415 -0.012142514809966087 -0.07578270137310028 -0.052644334733486176 0.01011855062097311 
-0.004693896509706974 0.08624076098203659 -0.05069248378276825 0.04136236011981964 0.06459217518568039 -0.05536237359046936 0.02365909330546856 0.007140702102333307 -0.041619814932346344 
-0.0351349338889122 0.04808485507965088 0.08780333399772644 -0.002877794671803713 0.13836488127708435 -0.024351339787244797 0.0342690609395504 0.01874733529984951 -0.08912880718708038 
0.02044621855020523 0.01633107289671898 -0.052139557898044586 -0.06324946880340576 -0.04676651582121849 0.004334650933742523 -0.021841201931238174 0.001774875447154045 0.08000047504901886 
-0.06960304826498032 -0.031061412766575813 0.015935376286506653 -0.0397845096886158 0.014469873160123825 0.008546769618988037 -0.035653747618198395 0.0033625555224716663 0.0019085684325546026 
0.07710664719343185 0.020116420462727547 0.01045230496674776 0.03786998987197876 -0.11439286917448044 -0.04464040324091911 -0.035939525812864304 -0.060908038169145584 0.0015078223077580333 
-0.05939457193017006 -0.04281051084399223 -0.004867927171289921 0.11951205134391785 -0.1320243775844574 0.04213034734129906 -0.0648266077041626 -0.13582250475883484 -0.02731105126440525 
0.03728267177939415 -0.09970440715551376 -0.01989794336259365 0.03225355222821236 -0.06948459148406982 -0.01045985333621502 -0.0587196908891201 -0.01274363324046135 0.0008488703751936555 
-0.016058284789323807 0.012054672464728355 -0.0022563275415450335 0.0034104264341294765 -0.03517965227365494 0.006959793623536825 -0.014392628334462643 -0.07348600029945374 0.003242416772991419 
0.06641348451375961 -0.1091233640909195 0.05959306284785271 -0.1091378778219223 0.01758553460240364 0.04975391924381256 0.05418453738093376 -0.04141645506024361 -0.044922858476638794 
0.05900809168815613 0.026719601824879646 -0.03657834604382515 0.09421263635158539 0.010793020017445087 -0.04069337621331215 0.03353685885667801 0.046682052314281464 -0.01009722426533699 
0.00413726270198822 -0.018668480217456818 -0.003508038818836212 -0.0028899686876684427 -0.05780530720949173 -0.06751453876495361 -0.006145508959889412 -0.04258712753653526 -0.07893994450569153 
0.07831833511590958 -0.007330326363444328 0.01949654333293438 0.02412574738264084 -0.04037262871861458 0.07204685360193253 0.04086501523852348 -0.04993496090173721 3.7732232158305123e-05 
-0.039266567677259445 0.040245819836854935 0.019960930570960045 0.0053663733415305614 0.062008995562791824 0.004863917361944914 -0.02375037409365177 0.022261453792452812 0.005548965651541948 
-0.0723506510257721 -0.07456786930561066 -0.042941462248563766 -0.09042984247207642 -0.1350015103816986 -0.13527058064937592 -0.09530436247587204 -0.07081416994333267 -0.1911529302597046 
-0.06669788807630539 -0.042696066200733185 0.0043600574135780334 -0.009859427809715271 -0.0892278179526329 -0.041611310094594955 -0.08919015526771545 0.00666302302852273 -0.06304511427879333 
-0.06967975944280624 -0.008109068498015404 0.014760326594114304 -0.06334198266267776 0.00631969328969717 0.06292768567800522 -0.03188420832157135 -0.023733843117952347 0.029329847544431686 
-0.038486678153276443 -0.000839464773889631 -0.014211959205567837 0.06412379443645477 -0.07129848003387451 0.017481427639722824 -0.03794005885720253 -0.033960383385419846 -0.0006832125945948064 
-0.0132439024746418 -0.048307355493307114 -0.0642513558268547 0.24872808158397675 0.04561733826994896 -0.043969396501779556 0.09474702924489975 -0.07462061196565628 -0.029881171882152557 
0.010980269871652126 -0.058664027601480484 -0.07997865229845047 0.008713006973266602 -0.04965725541114807 -0.025609318166971207 0.04321158677339554 0.04522072896361351 0.029310638085007668 
0.021399836987257004 0.000983358477242291 -0.023727552965283394 0.04571564495563507 -0.09614930301904678 -0.07025300711393356 0.05058630183339119 -0.023059796541929245 0.042634084820747375 
