0 0 0 0 0.03149038553237915 0 0 0 0
0 0 0 0 0.012117845006287098 0 0 0 0
0 0 0 0 0.10442512482404709 0 0 0 0
0 0 0 0 0.21074628829956055 0 0 0 0
0 0 0 0 0.06040610000491142 0 0 0 0
0 0 0 0 0.05324321985244751 0 0 0 0
0 0 0 0 0.07407374680042267 0 0 0 0
0 0 0 0 0.06092984229326248 0 0 0 0
0 0 0 0 -0.0403340645134449 0 0 0 0
0 0 0 0 0.04731554165482521 0 0 0 0
0 0 0 0 -0.051987819373607635 0 0 0 0
0 0 0 0 -0.0026788327377289534 0 0 0 0
0 0 0 0 -0.023941416293382645 0 0 0 0
0 0 0 0 0.09170851856470108 0 0 0 0
0 0 0 0 -0.10911007970571518 0 0 0 0
0 0 0 0 -0.05274614319205284 0 0 0 0
0 0 0 0 -0.08044591546058655 0 0 0 0
0 0 0 0 -0.012709120288491249 0 0 0 0
0 0 0 0 0.07258376479148865 0 0 0 0
0 0 0 0 -0.16002292931079865 0 0 0 0
0 0 0 0 0.011275879107415676 0 0 0 0
0 0 0 0 0.16742859780788422 0 0 0 0
0 0 0 0 -0.005490451585501432 0 0 0 0
0 0 0 0 -0.13559748232364655 0 0 0 0
0 0 0 0 -0.14331592619419098 0 0 0 0
0 0 0 0 0.029823319986462593 0 0 0 0
0 0 0 0 0.04132550209760666 0 0 0 0
0 0 0 0 -0.11040324717760086 0 0 0 0
0 0 0 0 -0.04072505980730057 0 0 0 0
0 0 0 0 -0.025469832122325897 0 0 0 0
0 0 0 0 -0.004950742237269878 0 0 0 0
0 0 0 0 -0.0048711602576076984 0 0 0 0
0 0 0 0 0.13045527040958405 0 0 0 0
0 0 0 0 0.05481468886137009 0 0 0 0
0 0 0 0 0.06733560562133789 0 0 0 0
0 0 0 0 0.00410304544493556 0 0 0 0
0 0 0 0 0.047853074967861176 0 0 0 0
0 0 0 0 -0.02329547144472599 0 0 0 0
0 0 0 0 0.06605521589517593 0 0 0 0
0 0 0 0 -0.033292751759290695 0 0 0 0
0 0 0 0 -0.002418803283944726 0 0 0 0
0 0 0 0 -0.002156495815142989 0 0 0 0
0 0 0 0 -0.026258038356900215 0 0 0 0
0 0 0 0 0.11522328108549118 0 0 0 0
0 0 0 0 -0.040207285434007645 0 0 0 0
0 0 0 0 -0.015301437117159367 0 0 0 0
0 0 0 0 -0.017193302512168884 0 0 0 0
0 0 0 0 0.022257717326283455 0 0 0 0
0 0 0 0 -0.046097226440906525 0 0 0 0
0 0 0 0 -0.029883818700909615 0 0 0 0
0 0 0 0 -0.0382179357111454 0 0 0 0
0 0 0 0 -0.05499286949634552 0 0 0 0
0 0 0 0 -0.03155273571610451 0 0 0 0
0 0 0 0 0.1894456446170807 0 0 0 0
0 0 0 0 -0.12364253401756287 0 0 0 0
0 0 0 0 0.06935063749551773 0 0 0 0
0 0 0 0 -0.05546066537499428 0 0 0 0
0 0 0 0 0.007018205709755421 0 0 0 0
0 0 0 0 0.05183978006243706 0 0 0 0
0 0 0 0 -0.15789912641048431 0 0 0 0
0 0 0 0 0.0410396009683609 0 0 0 0
0 0 0 0 0.02375546097755432 0 0 0 0
0 0 0 0 0.16263268887996674 0 0 0 0
0 0 0 0 -0.03898027539253235 0 0 0 0
0 0 0 0 0.05752912908792496 0 0 0 0
0 0 0 0 0.02081868052482605 0 0 0 0
0 0 0 0 0.031475137919187546 0 0 0 0
0 0 0 0 -0.025441205129027367 0 0 0 0
0 0 0 0 0.03419523686170578 0 0 0 0
0 0 0 0 0.06469381600618362 0 0 0 0
0 0 0 0 0.005236737430095673 0 0 0 0
0 0 0 0 0.033181462436914444 0 0 0 0
0 0 0 0 -0.026306970044970512 0 0 0 0
0 0 0 0 0.05898306891322136 0 0 0 0
0 0 0 0 -0.07210797071456909 0 0 0 0
0 0 0 0 -0.17351700365543365 0 0 0 0
0 0 0 0 -0.09082775563001633 0 0 0 0
0 0 0 0 -0.021464167162775993 0 0 0 0
0 0 0 0 0.2836400866508484 0 0 0 0
0 0 0 0 -0.006684236228466034 0 0 0 0
0 0 0 0 0.043306753039360046 0 0 0 0
0 0 0 0 -0.03861430287361145 0 0 0 0
0 0 0 0 -0.03741489723324776 0 0 0 0
0 0 0 0 0.0030140343587845564 0 0 0 0
0 0 0 0 -0.07402919977903366 0 0 0 0
0 0 0 0 -0.12078619748353958 0 0 0 0
0 0 0 0 -0.040719226002693176 0 0 0 0
0 0 0 0 -0.18405567109584808 0 0 0 0
0 0 0 0 0.11598200350999832 0 0 0 0
0 0 0 0 -0.07533956319093704 0 0 0 0
0 0 0 0 -0.0004758434952236712 0 0 0 0
0 0 0 0 0.06649162620306015 0 0 0 0
0 0 0 0 -0.0368170440196991 0 0 0 0
0 0 0 0 -0.03626903519034386 0 0 0 0
0 0 0 0 -0.0445791594684124 0 0 0 0
0 0 0 0 -0.025857318192720413 0 0 0 0
0 0 0 0 0.0496366061270237 0 0 0 0
0 0 0 0 0.04692276567220688 0 0 0 0
0 0 0 0 0.004397162236273289 0 0 0 0
0 0 0 0 0.016069205477833748 0 0 0 0
0 0 0 0 0.005485011730343103 0 0 0 0
0 0 0 0 -0.021466318517923355 0 0 0 0
0 0 0 0 0.11410395801067352 0 0 0 0
0 0 0 0 0.09051243215799332 0 0 0 0
0 0 0 0 -0.002045965986326337 0 0 0 0
0 0 0 0 0.08626271039247513 0 0 0 0
0 0 0 0 0.021077947691082954 0 0 0 0
0 0 0 0 0.04928218945860863 0 0 0 0
0 0 0 0 -0.08253547549247742 0 0 0 0
0 0 0 0 0.037635114043951035 0 0 0 0
0 0 0 0 -0.02703350968658924 0 0 0 0
0 0 0 0 0.03455568850040436 0 0 0 0
0 0 0 0 -0.033037494868040085 0 0 0 0
0 0 0 0 -0.1134595200419426 0 0 0 0
0 0 0 0 0.07110809534788132 0 0 0 0
0 0 0 0 0.1106235608458519 0 0 0 0
0 0 0 0 0.09962725639343262 0 0 0 0
0 0 0 0 0.016134418547153473 0 0 0 0
0 0 0 0 -0.04548562690615654 0 0 0 0
0 0 0 0 -0.026157023385167122 0 0 0 0
0 0 0 0 -0.07826133817434311 0 0 0 0
0 0 0 0 -0.05006403103470802 0 0 0 0
0 0 0 0 -0.06472148001194 0 0 0 0
0 0 0 0 -0.05319082364439964 0 0 0 0
0 0 0 0 0.014146087691187859 0 0 0 0
0 0 0 0 0.1150684505701065 0 0 0 0
0 0 0 0 -0.07697278261184692 0 0 0 0
0 0 0 0 -0.11373184621334076 0 0 0 0
0 0 0 0 0.015138106420636177 0 0 0 0
0 0 0 0 -0.021484829485416412 0 0 0 0
0 0 0 0 0.05127904191613197 0 0 0 0
0 0 0 0 -0.021086841821670532 0 0 0 0
0 0 0 0 -0.01854558475315571 0 0 0 0
0 0 0 0 0.22404462099075317 0 0 0 0
0 0 0 0 -0.0003275916969869286 0 0 0 0
0 0 0 0 0.04576612636446953 0 0 0 0
0 0 0 0 -0.1294458657503128 0 0 0 0
0 0 0 0 0.10991838574409485 0 0 0 0
0 0 0 0 0.03279561549425125 0 0 0 0
0 0 0 0 -0.08710372447967529 0 0 0 0
0 0 0 0 -0.002116569085046649 0 0 0 0
0 0 0 0 -0.12154290080070496 0 0 0 0
0 0 0 0 -0.055854521691799164 0 0 0 0
0 0 0 0 0.19060899317264557 0 0 0 0
0 0 0 0 -0.001105078961700201 0 0 0 0
0 0 0 0 0.10705218464136124 0 0 0 0
0 0 0 0 0.06337491422891617 0 0 0 0
0 0 0 0 -0.003036147216334939 0 0 0 0
0 0 0 0 0.029369845986366272 0 0 0 0
0 0 0 0 -0.06925100088119507 0 0 0 0
0 0 0 0 0.26512059569358826 0 0 0 0
0 0 0 0 -0.07395132631063461 0 0 0 0
0 0 0 0 -0.11760856956243515 0 0 0 0
0 0 0 0 0.027260715141892433 0 0 0 0
0 0 0 0 0.07061860710382462 0 0 0 0
0 0 0 0 -0.04183097556233406 0 0 0 0
0 0 0 0 0.01398539636284113 0 0 0 0
0 0 0 0 -0.041344862431287766 0 0 0 0
0 0 0 0 0.0895112007856369 0 0 0 0
0 0 0 0 0.02340102382004261 0 0 0 0
0 0 0 0 0.09465344250202179 0 0 0 0
0 0 0 0 0.00030729512218385935 0 0 0 0
0 0 0 0 0.09105335175991058 0 0 0 0
0 0 0 0 -0.044456496834754944 0 0 0 0
0 0 0 0 0.09315989911556244 0 0 0 0
0 0 0 0 -0.2220335751771927 0 0 0 0
0 0 0 0 0.007890847511589527 0 0 0 0
0 0 0 0 -0.16100920736789703 0 0 0 0
0 0 0 0 -0.041976578533649445 0 0 0 0
0 0 0 0 0.054102182388305664 0 0 0 0
0 0 0 0 0.04951938986778259 0 0 0 0
0 0 0 0 -0.14376242458820343 0 0 0 0
0 0 0 0 -0.11698125302791595 0 0 0 0
0 0 0 0 -0.03081238828599453 0 0 0 0
0 0 0 0 -0.050586849451065063 0 0 0 0
0 0 0 0 -0.027739867568016052 0 0 0 0
0 0 0 0 0.042425740510225296 0 0 0 0
0 0 0 0 -0.005715469364076853 0 0 0 0
0 0 0 0 -0.03979674354195595 0 0 0 0
0 0 0 0 -0.10981381684541702 0 0 0 0
0 0 0 0 0.06765437126159668 0 0 0 0
0 0 0 0 0.018431013450026512 0 0 0 0
0 0 0 0 -0.06535368412733078 0 0 0 0
0 0 0 0 0.00810602493584156 0 0 0 0
0 0 0 0 0.06409172713756561 0 0 0 0
0 0 0 0 -0.01739681325852871 0 0 0 0
0 0 0 0 0.021069791167974472 0 0 0 0
0 0 0 0 -0.05144249275326729 0 0 0 0
0 0 0 0 0.03161861002445221 0 0 0 0
0 0 0 0 -0.028727734461426735 0 0 0 0
0 0 0 0 -0.07115334272384644 0 0 0 0
0 0 0 0 0.07230480760335922 0 0 0 0
0 0 0 0 -0.06367862969636917 0 0 0 0
0 0 0 0 0.01736973039805889 0 0 0 0
0 0 0 0 -0.023104950785636902 0 0 0 0
0 0 0 0 -0.027634955942630768 0 0 0 0
0 0 0 0 -0.009676782414317131 0 0 0 0
0 0 0 0 0.10473355650901794 0 0 0 0
0 0 0 0 0.08703920990228653 0 0 0 0
0 0 0 0 -0.13738009333610535 0 0 0 0
0 0 0 0 0.3229718506336212 0 0 0 0
0 0 0 0 0.004015132784843445 0 0 0 0
0 0 0 0 -0.05615817755460739 0 0 0 0
0 0 0 0 0.0316682904958725 0 0 0 0
0 0 0 0 0.053127869963645935 0 0 0 0
0 0 0 0 0.10166392475366592 0 0 0 0
0 0 0 0 0.01625201292335987 0 0 0 0
0 0 0 0 -0.006249841768294573 0 0 0 0
0 0 0 0 -0.025581076741218567 0 0 0 0
0 0 0 0 -0.02382129803299904 0 0 0 0
0 0 0 0 0.06597235053777695 0 0 0 0
0 0 0 0 0.17582759261131287 0 0 0 0
0 0 0 0 0.030760936439037323 0 0 0 0
0 0 0 0 -0.046278346329927444 0 0 0 0
0 0 0 0 0.016502007842063904 0 0 0 0
0 0 0 0 -0.03865545615553856 0 0 0 0
0 0 0 0 0.10260922461748123 0 0 0 0
0 0 0 0 0.08628154546022415 0 0 0 0
0 0 0 0 -0.008787504397332668 0 0 0 0
0 0 0 0 0.19100327789783478 0 0 0 0
0 0 0 0 -0.11186039447784424 0 0 0 0
0 0 0 0 0.14255528151988983 0 0 0 0
0 0 0 0 0.22071152925491333 0 0 0 0
0 0 0 0 -0.05999003350734711 0 0 0 0
0 0 0 0 0.28769463300704956 0 0 0 0
0 0 0 0 -0.012877646833658218 0 0 0 0
0 0 0 0 0.04150216281414032 0 0 0 0
0 0 0 0 -0.07800153642892838 0 0 0 0
0 0 0 0 0.0058454107493162155 0 0 0 0
0 0 0 0 0.14153291285037994 0 0 0 0
0 0 0 0 0.02069997601211071 0 0 0 0
0 0 0 0 -0.011519419960677624 0 0 0 0
0 0 0 0 0.05150138959288597 0 0 0 0
0 0 0 0 0.02209983579814434 0 0 0 0
0 0 0 0 -0.02167682908475399 0 0 0 0
0 0 0 0 -0.017683355137705803 0 0 0 0
0 0 0 0 0.00011395451292628422 0 0 0 0
0 0 0 0 0.011721303686499596 0 0 0 0
0 0 0 0 0.058531664311885834 0 0 0 0
0 0 0 0 -0.07356320321559906 0 0 0 0
0 0 0 0 -0.3166255056858063 0 0 0 0
0 0 0 0 0.006791586522012949 0 0 0 0
0 0 0 0 -0.04626607149839401 0 0 0 0
0 0 0 0 0.03965942934155464 0 0 0 0
0 0 0 0 -0.04231015592813492 0 0 0 0
0 0 0 0 -0.08775393664836884 0 0 0 0
0 0 0 0 -0.0014742061030119658 0 0 0 0
0 0 0 0 -0.0062666963785886765 0 0 0 0
0 0 0 0 -0.04394667595624924 0 0 0 0
0 0 0 0 -0.036818381398916245 0 0 0 0
0 0 0 0 0.09095226228237152 0 0 0 0
0 0 0 0 0.18749991059303284 0 0 0 0
0 0 0 0 0.026474040001630783 0 0 0 0
0 0 0 0 0.04820124804973602 0 0 0 0
0 0 0 0 0.14856581389904022 0 0 0 0
0 0 0 0 -0.07288523018360138 0 0 0 0
0 0 0 0 0.10529840737581253 0 0 0 0
0 0 0 0 0.014449463225901127 0 0 0 0
0 0 0 0 0.003919426817446947 0 0 0 0
0 0 0 0 -0.07185657322406769 0 0 0 0
0 0 0 0 -0.028776317834854126 0 0 0 0
0 0 0 0 -0.17048493027687073 0 0 0 0
0 0 0 0 0.04520733654499054 0 0 0 0
0 0 0 0 0.13197433948516846 0 0 0 0
0 0 0 0 -0.03485698625445366 0 0 0 0
0 0 0 0 0.036072149872779846 0 0 0 0
0 0 0 0 -0.06219206377863884 0 0 0 0
0 0 0 0 0.2835255563259125 0 0 0 0
0 0 0 0 0.026262452825903893 0 0 0 0
0 0 0 0 -0.012896304950118065 0 0 0 0
0 0 0 0 0.07386725395917892 0 0 0 0
0 0 0 0 -0.015286291018128395 0 0 0 0
0 0 0 0 0.08398114889860153 0 0 0 0
0 0 0 0 0.05164599418640137 0 0 0 0
0 0 0 0 -0.00453121867030859 0 0 0 0
0 0 0 0 -0.06700389832258224 0 0 0 0
0 0 0 0 0.024752138182520866 0 0 0 0
0 0 0 0 0.09045667946338654 0 0 0 0
0 0 0 0 0.029497019946575165 0 0 0 0
0 0 0 0 -0.0336356982588768 0 0 0 0
0 0 0 0 0.026912081986665726 0 0 0 0
0 0 0 0 0.04744265228509903 0 0 0 0
0 0 0 0 0.076779805123806 0 0 0 0
0 0 0 0 -0.0773862674832344 0 0 0 0
0 0 0 0 -0.0779743492603302 0 0 0 0
0 0 0 0 -0.027072958648204803 0 0 0 0
0 0 0 0 -0.053932834416627884 0 0 0 0
0 0 0 0 0.14400406181812286 0 0 0 0
0 0 0 0 -0.0492541529238224 0 0 0 0
0 0 0 0 0.037082817405462265 0 0 0 0
0 0 0 0 0.021547671407461166 0 0 0 0
0 0 0 0 -0.047601521015167236 0 0 0 0
0 0 0 0 0.03157508000731468 0 0 0 0
0 0 0 0 0.10647819936275482 0 0 0 0
0 0 0 0 0.04238412529230118 0 0 0 0
0 0 0 0 -0.021664032712578773 0 0 0 0
0 0 0 0 -0.06867866218090057 0 0 0 0
0 0 0 0 -0.037686560302972794 0 0 0 0
0 0 0 0 0.026825467124581337 0 0 0 0
0 0 0 0 -0.06766892224550247 0 0 0 0
0 0 0 0 -0.10380919277667999 0 0 0 0
0 0 0 0 0.11488629877567291 0 0 0 0
0 0 0 0 -0.010898059234023094 0 0 0 0
0 0 0 0 -0.022092020139098167 0 0 0 0
0 0 0 0 0.017585614696145058 0 0 0 0
0 0 0 0 -0.18951772153377533 0 0 0 0
0 0 0 0 -0.06441985815763474 0 0 0 0
0 0 0 0 -0.0918685644865036 0 0 0 0
0 0 0 0 -0.0425097793340683 0 0 0 0
0 0 0 0 -0.04240521788597107 0 0 0 0
0 0 0 0 -0.22036513686180115 0 0 0 0
0 0 0 0 0.02554950676858425 0 0 0 0
0 0 0 0 0.11925912648439407 0 0 0 0
0 0 0 0 -0.03940803185105324 0 0 0 0
0 0 0 0 -0.004575831349939108 0 0 0 0
0 0 0 0 0.025284912437200546 0 0 0 0
0 0 0 0 0.016431907191872597 0 0 0 0
0 0 0 0 0.04639766365289688 0 0 0 0
0 0 0 0 -0.11640963703393936 0 0 0 0
0 0 0 0 -0.10176624357700348 0 0 0 0
0 0 0 0 -0.08683421462774277 0 0 0 0
0 0 0 0 -0.06255432218313217 0 0 0 0
0 0 0 0 -0.09459253400564194 0 0 0 0
0 0 0 0 0.07904654741287231 0 0 0 0
0 0 0 0 0.05151805654168129 0 0 0 0
0 0 0 0 0.09233837574720383 0 0 0 0
0 0 0 0 -0.0943899005651474 0 0 0 0
0 0 0 0 0.032065100967884064 0 0 0 0
0 0 0 0 0.01985137350857258 0 0 0 0
0 0 0 0 -0.07236626744270325 0 0 0 0
0 0 0 0 -0.10203303396701813 0 0 0 0
0 0 0 0 -0.002868318697437644 0 0 0 0
0 0 0 0 0.19072900712490082 0 0 0 0
0 0 0 0 -0.022007117047905922 0 0 0 0
0 0 0 0 0.000575467012822628 0 0 0 0
0 0 0 0 0.07293453812599182 0 0 0 0
0 0 0 0 0.08704238384962082 0 0 0 0
0 0 0 0 0.023253075778484344 0 0 0 0
0 0 0 0 -0.015287292189896107 0 0 0 0
0 0 0 0 0.02217070758342743 0 0 0 0
0 0 0 0 -0.004380445461720228 0 0 0 0
0 0 0 0 0.049049656838178635 0 0 0 0
0 0 0 0 -0.1432909220457077 0 0 0 0
0 0 0 0 0.1008368730545044 0 0 0 0
0 0 0 0 0.057050835341215134 0 0 0 0
0 0 0 0 -0.020715298131108284 0 0 0 0
0 0 0 0 -0.06003399193286896 0 0 0 0
0 0 0 0 0.05996406078338623 0 0 0 0
0 0 0 0 0.003581157885491848 0 0 0 0
0 0 0 0 0.04837224632501602 0 0 0 0
0 0 0 0 -0.014839760959148407 0 0 0 0
0 0 0 0 -0.007453220430761576 0 0 0 0
0 0 0 0 -0.18037952482700348 0 0 0 0
0 0 0 0 -0.007473962381482124 0 0 0 0
0 0 0 0 -0.03702336549758911 0 0 0 0
0 0 0 0 0.04792378097772598 0 0 0 0
0 0 0 0 0.014193202368915081 0 0 0 0
0 0 0 0 -0.1393641233444214 0 0 0 0
0 0 0 0 -0.1753910630941391 0 0 0 0
0 0 0 0 -0.07699912041425705 0 0 0 0
0 0 0 0 0.006062231957912445 0 0 0 0
0 0 0 0 0.006613878067582846 0 0 0 0
0 0 0 0 -0.09613481909036636 0 0 0 0
0 0 0 0 -0.05724325403571129 0 0 0 0
0 0 0 0 0.025227293372154236 0 0 0 0
0 0 0 0 0.006310006603598595 0 0 0 0
0 0 0 0 -0.12000064551830292 0 0 0 0
0 0 0 0 0.002979293232783675 0 0 0 0
0 0 0 0 -0.045456696301698685 0 0 0 0
0 0 0 0 -0.006741164717823267 0 0 0 0
0 0 0 0 0.019924329593777657 0 0 0 0
0 0 0 0 0.03747032582759857 0 0 0 0
0 0 0 0 -0.008643326349556446 0 0 0 0
0 0 0 0 -0.0062636383809149265 0 0 0 0
0 0 0 0 0.02740328386425972 0 0 0 0
0 0 0 0 0.05412767827510834 0 0 0 0
0 0 0 0 0.06122942641377449 0 0 0 0
0 0 0 0 -0.05104650557041168 0 0 0 0
0 0 0 0 0.019608033820986748 0 0 0 0
0 0 0 0 -0.022580811753869057 0 0 0 0
0 0 0 0 0.05169813707470894 0 0 0 0
0 0 0 0 -0.02536178007721901 0 0 0 0
0 0 0 0 -0.050110623240470886 0 0 0 0
0 0 0 0 -0.02297780103981495 0 0 0 0
0 0 0 0 -0.05292544886469841 0 0 0 0
0 0 0 0 -0.035556212067604065 0 0 0 0
0 0 0 0 -0.11579088121652603 0 0 0 0
0 0 0 0 -0.19371230900287628 0 0 0 0
0 0 0 0 -0.0630386620759964 0 0 0 0
0 0 0 0 0.0063078757375478745 0 0 0 0
0 0 0 0 -0.05412004515528679 0 0 0 0
0 0 0 0 0.04008319228887558 0 0 0 0
0 0 0 0 0.08859402686357498 0 0 0 0
0 0 0 0 0.04166345298290253 0 0 0 0
0 0 0 0 0.24582356214523315 0 0 0 0
0 0 0 0 0.06632455438375473 0 0 0 0
0 0 0 0 -0.12988731265068054 0 0 0 0
0 0 0 0 -0.0554952472448349 0 0 0 0
0 0 0 0 0.018751418218016624 0 0 0 0
0 0 0 0 0.16231420636177063 0 0 0 0
0 0 0 0 -0.15070740878582 0 0 0 0
0 0 0 0 0.13020873069763184 0 0 0 0
0 0 0 0 -0.06331391632556915 0 0 0 0
0 0 0 0 0.016382988542318344 0 0 0 0
0 0 0 0 -0.010961003601551056 0 0 0 0
0 0 0 0 -0.03790310397744179 0 0 0 0
0 0 0 0 0.11223701387643814 0 0 0 0
0 0 0 0 -0.20055559277534485 0 0 0 0
0 0 0 0 -0.019233545288443565 0 0 0 0
0 0 0 0 0.025037109851837158 0 0 0 0
0 0 0 0 -0.0328359492123127 0 0 0 0
0 0 0 0 -0.07693333923816681 0 0 0 0
0 0 0 0 -0.00371598731726408 0 0 0 0
0 0 0 0 -0.06208641827106476 0 0 0 0
0 0 0 0 -0.04766445606946945 0 0 0 0
0 0 0 0 0.004687713459134102 0 0 0 0
0 0 0 0 -0.016733722761273384 0 0 0 0
0 0 0 0 -0.043615616858005524 0 0 0 0
0 0 0 0 -0.005295449402183294 0 0 0 0
0 0 0 0 0.08406289666891098 0 0 0 0
0 0 0 0 -0.05017411708831787 0 0 0 0
0 0 0 0 0.05513054504990578 0 0 0 0
0 0 0 0 -0.03587603196501732 0 0 0 0
0 0 0 0 0.006880355533212423 0 0 0 0
0 0 0 0 0.06610841304063797 0 0 0 0
0 0 0 0 0.007175298407673836 0 0 0 0
0 0 0 0 -0.03646755963563919 0 0 0 0
0 0 0 0 -0.028644150123000145 0 0 0 0
0 0 0 0 0.12040402740240097 0 0 0 0
0 0 0 0 -0.025805242359638214 0 0 0 0
0 0 0 0 -0.08961189538240433 0 0 0 0
0 0 0 0 -0.05243454873561859 0 0 0 0
0 0 0 0 -0.17129111289978027 0 0 0 0
0 0 0 0 -0.01026198547333479 0 0 0 0
0 0 0 0 -0.055631816387176514 0 0 0 0
0 0 0 0 -0.02546549029648304 0 0 0 0
0 0 0 0 -0.17866921424865723 0 0 0 0
0 0 0 0 -0.06432981789112091 0 0 0 0
0 0 0 0 -0.11948247998952866 0 0 0 0
0 0 0 0 0.009328287094831467 0 0 0 0
0 0 0 0 -0.059604570269584656 0 0 0 0
0 0 0 0 0.02983304113149643 0 0 0 0
0 0 0 0 0.03503100201487541 0 0 0 0
0 0 0 0 -0.01998824253678322 0 0 0 0
0 0 0 0 -0.03420832008123398 0 0 0 0
0 0 0 0 0.05602115020155907 0 0 0 0
0 0 0 0 -0.07738608866930008 0 0 0 0
0 0 0 0 -0.047781430184841156 0 0 0 0
0 0 0 0 -0.05144163593649864 0 0 0 0
0 0 0 0 0.0596160814166069 0 0 0 0
0 0 0 0 0.012397781014442444 0 0 0 0
0 0 0 0 -0.08828558027744293 0 0 0 0
0 0 0 0 0.014071210287511349 0 0 0 0
0 0 0 0 -0.09522111713886261 0 0 0 0
0 0 0 0 0.02328314445912838 0 0 0 0
0 0 0 0 0.07756559550762177 0 0 0 0
0 0 0 0 -0.10625594109296799 0 0 0 0
0 0 0 0 0.05032504349946976 0 0 0 0
0 0 0 0 0.02131996862590313 0 0 0 0
0 0 0 0 0.18433097004890442 0 0 0 0
0 0 0 0 0.005266261752694845 0 0 0 0
0 0 0 0 0.07369924336671829 0 0 0 0
0 0 0 0 -0.014068069867789745 0 0 0 0
0 0 0 0 -0.03550927713513374 0 0 0 0
0 0 0 0 -0.013486208394169807 0 0 0 0
0 0 0 0 -0.029261035844683647 0 0 0 0
0 0 0 0 -0.028742559254169464 0 0 0 0
0 0 0 0 -0.015432573854923248 0 0 0 0
0 0 0 0 -0.026116494089365005 0 0 0 0
0 0 0 0 0.04879137501120567 0 0 0 0
0 0 0 0 -0.007990609854459763 0 0 0 0
0 0 0 0 -0.0026514155324548483 0 0 0 0
0 0 0 0 -0.05942859873175621 0 0 0 0
0 0 0 0 -0.0953514501452446 0 0 0 0
0 0 0 0 -0.0007440408226102591 0 0 0 0
0 0 0 0 -0.05764118209481239 0 0 0 0
0 0 0 0 0.03230593726038933 0 0 0 0
0 0 0 0 0.058350637555122375 0 0 0 0
0 0 0 0 -0.03432372212409973 0 0 0 0
0 0 0 0 0.09232422709465027 0 0 0 0
0 0 0 0 -0.023924848064780235 0 0 0 0
0 0 0 0 0.017750419676303864 0 0 0 0
0 0 0 0 -0.0033953513484448195 0 0 0 0
0 0 0 0 0.004841391928493977 0 0 0 0
0 0 0 0 0.01830209419131279 0 0 0 0
0 0 0 0 0.03294564411044121 0 0 0 0
0 0 0 0 -0.017424611374735832 0 0 0 0
0 0 0 0 0.02376997470855713 0 0 0 0
0 0 0 0 -0.02982885017991066 0 0 0 0
0 0 0 0 0.16170477867126465 0 0 0 0
0 0 0 0 0.014680793508887291 0 0 0 0
0 0 0 0 0.003770519746467471 0 0 0 0
0 0 0 0 0.0140874944627285 0 0 0 0
0 0 0 0 -0.060089047998189926 0 0 0 0
0 0 0 0 0.015103356912732124 0 0 0 0
0 0 0 0 0.0018012826330959797 0 0 0 0
0 0 0 0 0.18358008563518524 0 0 0 0
0 0 0 0 -0.13785578310489655 0 0 0 0
0 0 0 0 -0.03412822261452675 0 0 0 0
0 0 0 0 0.015854597091674805 0 0 0 0
0 0 0 0 -0.03208534047007561 0 0 0 0
0 0 0 0 0.11914736777544022 0 0 0 0
0 0 0 0 -0.1910449117422104 0 0 0 0
0 0 0 0 0.130497008562088 0 0 0 0
0 0 0 0 0.008772484958171844 0 0 0 0
0 0 0 0 -0.06848815083503723 0 0 0 0
0 0 0 0 -0.05320469290018082 0 0 0 0
0 0 0 0 0.08567701280117035 0 0 0 0
0 0 0 0 0.13966399431228638 0 0 0 0
0 0 0 0 0.04370800033211708 0 0 0 0
0 0 0 0 -0.06102629750967026 0 0 0 0
0 0 0 0 -0.014967765659093857 0 0 0 0
