-0.023648075759410858 -0.06182900071144104 -0.06377164274454117 -0.02766316570341587 0.05000115931034088 0.05378437414765358 -0.005677240435034037 0.017158666625618935 -0.01188281923532486 
0.002503466559574008 -0.004601523280143738 -0.02166331373155117 -0.019186776131391525 -0.020027467980980873 -0.02836415357887745 0.03259418532252312 0.02304146997630596 0.016758516430854797 
0.018698064610362053 -0.013394728302955627 -0.05605108290910721 0.07678782939910889 0.14435982704162598 0.036406051367521286 -0.02910822443664074 -0.014510633423924446 -0.039149921387434006 
0.017215944826602936 -0.00555854756385088 0.03425674885511398 0.06383717060089111 0.03374529257416725 0.008353912271559238 0.015997041016817093 -0.025405265390872955 -0.013648568652570248 
0.030676115304231644 0.05712553858757019 0.07048435509204865 0.0475250743329525 -0.01616145856678486 -0.03867582976818085 -0.026868967339396477 -0.0461176373064518 -0.01557410042732954 
0.04383927956223488 -0.01544647105038166 -0.012922660447657108 -0.03257375210523605 0.019101686775684357 0.04086923226714134 -0.027964623644948006 -0.012895021587610245 -0.030737893655896187 
0.07331033051013947 0.014372165314853191 0.05268198996782303 -0.05487392470240593 -0.10496003180742264 -0.07870610058307648 0.034909263253211975 -0.01557897124439478 -0.00866860244423151 
-0.012247572652995586 0.07263026386499405 -0.012705536559224129 0.03422416374087334 0.07049908488988876 0.011324813589453697 0.013133893720805645 0.0018784371204674244 -0.014610971324145794 
0.0982336699962616 0.05690065026283264 -0.05348949134349823 -0.033209361135959625 -0.10956812649965286 0.03298861160874367 -0.041872430592775345 0.042441245168447495 0.017764242365956306 
0.01060436200350523 -0.06575603038072586 0.043602701276540756 0.04378506913781166 0.04036196321249008 -0.03238806128501892 -0.059736501425504684 0.006803632248193026 0.03516165167093277 
-0.09798084944486618 -0.18640825152397156 -0.18840627372264862 -0.016565021127462387 0.21191732585430145 0.1143869161605835 0.050985291600227356 0.045819804072380066 0.015047093853354454 
-0.05570659041404724 0.028606191277503967 0.10987435281276703 -0.00960705615580082 -0.07183579355478287 -0.0753178820014 -0.011094612069427967 0.02671690471470356 -0.0012998630991205573 
0.02344696968793869 0.1500871479511261 0.11562914401292801 0.017136871814727783 -0.00988208781927824 -0.02174781635403633 -0.012809479609131813 -0.11112940311431885 -0.10836203396320343 
-0.008592329919338226 -0.013001648709177971 -0.02583322301506996 -0.004007719922810793 0.034054338932037354 0.02245320938527584 0.04180801659822464 0.1378633826971054 0.13988558948040009 
0.02006038837134838 0.05176983401179314 -0.0016855894355103374 -0.008703109808266163 -0.0983349159359932 -0.03886490315198898 0.02622525580227375 0.009553111158311367 0.012088610790669918 
-0.033450931310653687 -0.050433654338121414 -0.07613852620124817 0.0268890168517828 0.05045343190431595 0.03351496905088425 -0.00461734039708972 -0.027928385883569717 -0.009900996461510658 
0.052132923156023026 -0.059393592178821564 -0.011981633491814137 -0.03744132071733475 0.025087298825383186 -9.631182911107317e-05 -0.004941275343298912 0.09799342602491379 -0.004862445406615734 
-0.003820603247731924 0.01970750093460083 0.05275672301650047 -0.022276004776358604 -0.0008313831058330834 0.020688112825155258 -0.02638726308941841 -0.017611254006624222 4.15507656725822e-06 
0.020661966875195503 0.0030747815035283566 0.020187795162200928 0.05153780058026314 0.07527946680784225 0.015154723078012466 -0.02237829938530922 -0.002422730438411236 -0.02551308088004589 
-0.0018707200651988387 0.021280860528349876 -0.0232876967638731 -0.00043450258090160787 0.048461005091667175 -0.02624896541237831 0.030474813655018806 -0.02010509744286537 -0.03611980751156807 
-0.07909572124481201 0.006688966881483793 -0.037161462008953094 0.017091182991862297 -0.017012296244502068 0.03351753205060959 -0.025818048045039177 0.026426170021295547 -0.035347651690244675 
-0.02539668045938015 -0.020314952358603477 0.011201629415154457 -0.0996306836605072 0.03542220965027809 0.04663833603262901 -0.04462442547082901 0.05677492171525955 0.024965515360236168 
0.024933815002441406 -0.15656286478042603 0.0188630111515522 -0.011798926629126072 -0.2038278877735138 -0.030545314773917198 -0.012452034279704094 -0.15866178274154663 -0.004277867265045643 
-0.00960633810609579 -0.030393080785870552 -0.03737587109208107 -0.016747333109378815 -0.019958777353167534 0.012246358208358288 0.004291021730750799 -0.03673049062490463 0.04312106966972351 
-0.045561760663986206 -0.07045532017946243 0.009078082628548145 0.18148867785930634 -0.2912464141845703 0.23623143136501312 0.034714020788669586 -0.07736995816230774 0.05242839828133583 
0.023762954398989677 0.04803922399878502 -0.053058162331581116 -0.02811955101788044 0.163730651140213 -0.19944222271442413 0.019464919343590736 0.06852050125598907 -0.09022705256938934 
0.06680227071046829 -0.03813266009092331 0.025364970788359642 -0.03822695091366768 0.1025395616889 -0.13001421093940735 0.02221830002963543 0.006017044652253389 0.03197744861245155 
0.027161424979567528 -0.07143986970186234 0.012084607034921646 0.07821829617023468 -0.14473044872283936 0.015494180843234062 0.02177298255264759 -0.007275725714862347 0.05461233854293823 
0.02600243128836155 -0.020885614678263664 -0.027580277994275093 0.05814589932560921 -0.06751121580600739 -0.027303580194711685 0.04032434895634651 -0.07060880213975906 0.009391387924551964 
0.026924561709165573 0.0184248685836792 0.02811329811811447 0.011106542311608791 0.004210806917399168 -0.04445379972457886 0.03741129860281944 0.032238077372312546 0.03312426060438156 
-0.03534923493862152 -0.06972748786211014 -0.0036131776869297028 -0.03337416797876358 -0.0965002253651619 0.11493805795907974 -0.06696265935897827 0.01171951089054346 0.06327745318412781 
0.023028960451483727 0.01591626927256584 0.009370148181915283 -0.0037032326217740774 0.06757229566574097 -0.0013977703638374805 0.030276812613010406 0.03220370411872864 -0.003454421181231737 
0.011990740895271301 -0.1452101767063141 -0.03090096265077591 0.0005575665272772312 -0.0818643867969513 -0.02163267508149147 -0.051508523523807526 0.046727970242500305 0.09845118969678879 
0.02864259108901024 0.025759130716323853 0.018068309873342514 0.009521656669676304 0.014820466749370098 0.012879366055130959 -0.020242026075720787 -0.009201799519360065 0.011036799289286137 
-0.07860355079174042 -0.0667496994137764 -0.023475857451558113 -0.006579446140676737 -0.03824460878968239 -0.05218570679426193 -0.016283538192510605 -0.01476971060037613 -0.0452120266854763 
-0.04784052446484566 -0.03925357758998871 -0.02599630504846573 -0.00626636715605855 0.020978469401597977 -0.061733175069093704 0.009619844146072865 0.05471241846680641 -0.03255413845181465 
0.018415872007608414 0.07161868363618851 0.07122865319252014 0.044600892812013626 0.0363958366215229 -0.07584177702665329 0.06552450358867645 0.0055642155930399895 0.019831296056509018 
0.019177528098225594 0.012696961872279644 0.048061009496450424 0.05946122109889984 0.0725623145699501 0.03902144730091095 -0.011727869510650635 0.040329400449991226 0.021296877413988113 
0.07371892035007477 -0.004484373144805431 0.06577225774526596 0.011950024403631687 -0.06446103006601334 -0.03847048804163933 -0.07751140743494034 -0.06731005758047104 -0.08682233840227127 
0.04100857302546501 0.035478800535202026 0.015457059256732464 -0.05945102125406265 0.02127292938530445 0.01573859713971615 -0.01727616973221302 -0.0040469542145729065 0.07734276354312897 
-0.002545843366533518 0.01181380171328783 -0.020523549988865852 -0.0298016294836998 -0.054916344583034515 0.05961482599377632 -0.03873301297426224 -0.09535666555166245 0.060303669422864914 
-0.009944363497197628 -0.07098556309938431 -0.02856680192053318 0.035129986703395844 -0.08943106234073639 -0.18685969710350037 0.037164945155382156 0.14713779091835022 -0.07104156911373138 
0.00987337902188301 -0.0814618244767189 0.02011195756494999 0.006942248437553644 -0.057560816407203674 -0.15343672037124634 -0.04393012076616287 0.15246212482452393 -0.05211985483765602 
-0.018216634169220924 0.02713240496814251 0.122491754591465 0.008787533268332481 -0.06100548431277275 0.09199745208024979 0.03913044184446335 -0.09519746154546738 -0.10949612408876419 
0.028948623687028885 0.12668098509311676 0.05056128650903702 -0.0670086070895195 0.05002228170633316 0.10507600009441376 -0.0026989569887518883 -0.01718199998140335 0.10544434189796448 
-0.10488122701644897 -0.0076086740009486675 0.029351066797971725 -0.08217447251081467 -0.004627220798283815 0.004919002298265696 -0.01563524268567562 -0.012228024192154408 -0.03891170397400856 
-0.08884481340646744 0.0018594259163364768 0.03745470196008682 0.020007198676466942 5.888547320864745e-07 0.05393771827220917 0.06261655688285828 -0.0589163564145565 -0.06497377902269363 
0.034804508090019226 -0.035539764910936356 -0.03843003511428833 0.007262212689965963 0.04288846254348755 -0.0005841823876835406 -0.04193079471588135 0.04048990085721016 0.042477235198020935 
-0.08615949004888535 0.054613057523965836 0.00964602641761303 -0.130482479929924 0.04486112669110298 0.06378678977489471 -0.06043228879570961 -0.02809050865471363 -0.04183630272746086 
-0.02305806800723076 -0.00962033774703741 -0.004701379220932722 0.005921060685068369 0.028441468253731728 0.03586924448609352 0.029887201264500618 0.058633532375097275 0.06433889269828796 
-0.05085957050323486 -0.034725409001111984 -0.05637960135936737 -0.05134179815649986 -0.0005984895979054272 0.010752875357866287 -0.005706286523491144 0.004374721087515354 0.027659494429826736 
0.005574277602136135 0.012792937457561493 -0.0030432974454015493 -0.009828784503042698 0.003984270617365837 0.015821771696209908 -0.006185920909047127 -0.0512724295258522 0.028773384168744087 
0.001553499954752624 0.04120265319943428 -0.04949719458818436 0.025551149621605873 0.07435040920972824 0.07930468767881393 -0.023156557232141495 -0.0438292995095253 0.0287098940461874 
0.041659362614154816 0.06671857833862305 -0.014329644851386547 -0.005930935963988304 0.08072804659605026 0.00606895238161087 -0.021195627748966217 0.02361103892326355 -0.045505914837121964 
-0.04045892506837845 -0.028632691130042076 -0.05962366610765457 -0.0933489203453064 -0.10848173499107361 -0.11582902818918228 0.05756593868136406 0.00948332529515028 0.015821397304534912 
0.011618777178227901 0.02745448797941208 0.05349411442875862 0.006472781300544739 -0.004969217348843813 0.01879093050956726 0.04019009321928024 0.06079401075839996 0.039938393980264664 
0.014947149902582169 -0.11656764149665833 0.028333984315395355 0.057848233729600906 -0.05058521404862404 -0.09304191172122955 -0.04145994409918785 0.10064975917339325 -0.03757811337709427 
0.05980807915329933 0.08191033452749252 -0.09933702647686005 -0.006372483447194099 0.08421050012111664 0.04273238778114319 -0.02292473427951336 -0.012615468353033066 0.11612483859062195 
0.03100844845175743 0.15482492744922638 0.03542633727192879 -0.14318913221359253 0.0015361201949417591 0.033114589750766754 -0.011696799658238888 -0.08993878960609436 -0.033281490206718445 
0.008482245728373528 -0.016408007591962814 -0.04537482559680939 0.008160844445228577 0.07314933091402054 0.01569964736700058 -0.049901366233825684 0.04597688466310501 -0.019744712859392166 
-0.11372433602809906 -0.13887079060077667 -0.01500655710697174 -0.058762505650520325 -0.19113261997699738 -0.13767124712467194 0.03600173071026802 -0.023987334221601486 -0.02342079021036625 
0.006575617007911205 0.013088800944387913 0.01741671748459339 -0.09410656988620758 -0.11536991596221924 -0.09395935386419296 -0.0574650764465332 -0.052113715559244156 -0.021519899368286133 
-0.08776739984750748 -0.04368127882480621 0.057233359664678574 -0.0034428779035806656 -0.03826238587498665 -0.023945074528455734 0.10991866141557693 0.04196185618638992 -0.05097946897149086 
0.039383601397275925 0.038440778851509094 0.014146536588668823 -0.006482189521193504 0.0030129277147352695 -0.035447318106889725 -0.03310975059866905 0.017337344586849213 0.006966172717511654 
-0.08897983282804489 0.03600975126028061 0.016461819410324097 0.0423845537006855 -0.05098962038755417 -0.00382213294506073 0.005910281557589769 -0.021992985159158707 0.010000056587159634 
-0.021142028272151947 -0.021434135735034943 -0.013803118839859962 0.019476933404803276 -0.006306367460638285 -0.0007079281494952738 0.017495814710855484 0.015570396557450294 0.008580509573221207 
-0.015925200656056404 0.10589966177940369 -0.05558077245950699 0.03088309057056904 -0.0391528345644474 -0.03651268035173416 -0.033571694046258926 -8.6720880062785e-05 0.0018547846702858806 
0.012567629106342793 0.007345565129071474 0.008425397798418999 0.03451457992196083 0.007441921159625053 0.05358308553695679 -0.0030652587302029133 0.023498186841607094 -0.01109982654452324 
0.0825100764632225 -0.016756854951381683 0.03363662213087082 -0.037689656019210815 0.04476117342710495 -0.000767457066103816 0.07687469571828842 -0.07456614077091217 -0.010591878555715084 
-0.05236046388745308 0.03300224989652634 0.07747195661067963 0.07025253772735596 -0.017976734787225723 0.03671952709555626 -0.052525151520967484 -0.003963743336498737 -0.007475720252841711 
-0.03803658485412598 -0.0056972564198076725 -0.03672201931476593 0.05797883868217468 0.07573159039020538 0.06865615397691727 -0.043901801109313965 -0.036322906613349915 -0.04030395299196243 
-0.031242968514561653 -0.03359680622816086 -0.03344431892037392 -0.034526579082012177 -0.016419507563114166 -0.04261433333158493 -0.016891183331608772 0.030961813405156136 -0.07888288050889969 
-0.0005387863493524492 -0.02298186905682087 0.05031203478574753 -0.04311808943748474 0.20288342237472534 -0.0535062700510025 0.08431300520896912 -0.1683168113231659 0.13227033615112305 
0.007536289282143116 0.003084396943449974 -0.054118525236845016 -0.03679553419351578 -0.04495425149798393 0.1353570967912674 0.008192180655896664 0.0790013000369072 -0.11331012099981308 
-0.02094455249607563 0.1972460299730301 -0.02933327667415142 -0.008020428940653801 -0.2567751407623291 -0.07216903567314148 -0.03234628960490227 0.27716732025146484 -0.004240470472723246 
0.02147003449499607 0.018627049401402473 -0.023982802405953407 -0.03806467726826668 -0.019724203273653984 -0.051691070199012756 0.060594476759433746 -0.09793656319379807 0.00183302687946707 
-0.1114124059677124 -0.0963449478149414 -0.06574598699808121 -0.08261441439390182 0.055576879531145096 -0.05461627244949341 0.05765172839164734 -0.0010255197994410992 0.026665853336453438 
0.015182381495833397 -0.057547811418771744 0.001991759752854705 -0.09960037469863892 -0.12043137103319168 -0.0811261534690857 -0.06918198615312576 0.05450863018631935 -0.08814572542905807 
-0.008217803202569485 -0.07148317992687225 -0.02188769169151783 -0.0015474183019250631 0.08541491627693176 -0.019354544579982758 -0.05687438324093819 -0.08620917052030563 0.06824412196874619 
-0.03096665069460869 0.0940149798989296 0.006978889461606741 0.052837103605270386 0.054770201444625854 -0.002054656157270074 -0.10126376897096634 0.03560148924589157 0.020813260227441788 
-0.06772609800100327 -0.06353260576725006 -0.06135762482881546 -0.027153190225362778 0.07869599014520645 0.12354022264480591 -0.017386997118592262 0.14374305307865143 0.18282034993171692 
0.05923515185713768 0.049992263317108154 0.03757333382964134 0.03030129335820675 0.028928812593221664 0.020179996266961098 0.02644890733063221 0.035544998943805695 0.03595641255378723 
0.02049492858350277 0.033917587250471115 -0.02209574542939663 0.042669884860515594 0.036997195333242416 -0.008849932812154293 0.025010891258716583 0.040884628891944885 -0.02027137018740177 
-0.03125963732600212 -0.014903904870152473 0.0031574300955981016 -0.0031892131082713604 -0.014074435457587242 -0.01306839007884264 -0.006798375863581896 -0.0156618170440197 -0.015456661581993103 
0.02983032912015915 0.03787734732031822 -0.05732337757945061 0.03204738348722458 0.033682577311992645 -0.036275796592235565 0.03282987326383591 0.038898348808288574 -0.05202136188745499 
-0.0837237760424614 0.0059312498196959496 0.027956482023000717 -0.06862767040729523 0.027472808957099915 0.07761082798242569 -0.10697004199028015 0.004437483847141266 0.08587634563446045 
-0.0015718585345894098 -0.015871141105890274 0.019198346883058548 -0.0047875759191811085 -0.003898131661117077 0.012424972839653492 -0.013179360888898373 -0.02072191797196865 -0.0026754960417747498 
0.003531316528096795 0.025775793939828873 0.014928419142961502 -0.020628321915864944 0.006498593371361494 -0.003478163853287697 -0.009248225949704647 0.013524127192795277 0.005904664285480976 
0.03569991886615753 0.010798715986311436 0.03512399643659592 -0.01450786180794239 -0.023840559646487236 -0.014022833667695522 -0.03685364872217178 -0.06440842151641846 -0.07613921165466309 
0.015260322019457817 -0.02931133843958378 -0.055868566036224365 0.0805710181593895 0.04618068411946297 0.0005779662751592696 0.05659130588173866 0.03058815374970436 -0.028230587020516396 
-0.05918791517615318 0.0069408901035785675 0.04886771738529205 -0.07961416989564896 0.014153352938592434 0.027381382882595062 -0.003977798391133547 0.03152354061603546 0.030358361080288887 
0.06660908460617065 0.0333939753472805 0.025129355490207672 0.0027112627867609262 -0.058371804654598236 -0.07977690547704697 -0.05071701481938362 -0.1199282854795456 -0.12939895689487457 
0.022019781172275543 0.09564410895109177 0.09858235716819763 -0.016251899302005768 -0.004723586607724428 -0.024761322885751724 -0.08842645585536957 -0.0851161926984787 -0.12313730269670486 
-0.031645793467760086 -0.03234482184052467 -0.024738460779190063 -0.00036550252116285264 -0.007905041798949242 -0.011555176228284836 0.02326854132115841 0.027937931939959526 0.04325973242521286 
-0.035133372992277145 0.011900165118277073 0.001343228155747056 -0.002489546313881874 0.02171126939356327 -0.024408571422100067 0.02273119054734707 0.0378422848880291 -0.0010550929000601172 
-0.06816304475069046 -0.03270713612437248 0.031073877587914467 -0.0025605829432606697 0.026952747255563736 0.044948428869247437 0.014589543454349041 0.02952646091580391 0.022387614473700523 
0.005228807218372822 0.03399031609296799 0.012656393460929394 0.044149886816740036 0.03100818209350109 0.029955415055155754 0.06274620443582535 0.023522844538092613 0.023578651249408722 
-0.034102290868759155 -0.021299924701452255 -0.033201150596141815 -0.02224890887737274 -0.015660177916288376 -0.021784773096442223 -0.01564682275056839 -0.007239229511469603 -0.012404238805174828 
-0.01978457160294056 0.0029332025442272425 -0.032900333404541016 0.010136641561985016 0.003136317478492856 -0.009204032830893993 0.031486332416534424 0.03196432814002037 0.012813941575586796 
0.03415253758430481 0.010439743287861347 0.005428277887403965 0.01231974083930254 -0.009900765493512154 0.02193945273756981 0.008501053787767887 -0.007092447951436043 0.019382985308766365 
0.058203838765621185 0.13801133632659912 0.13575367629528046 -0.0516485758125782 0.05662217363715172 0.1362050473690033 -0.10885561257600784 -0.02085571363568306 0.05850789323449135 
-0.009455160237848759 -0.02301632985472679 -0.05270716920495033 0.009052393957972527 0.006645685527473688 -0.036240264773368835 0.03516130894422531 0.016458047553896904 -0.027856651693582535 
-0.023354999721050262 0.01713433675467968 -0.035398297011852264 -0.0049362205900251865 0.03465597704052925 -0.007165858056396246 -0.015582934021949768 0.012503257021307945 -0.021578893065452576 
0.044237688183784485 0.00820448249578476 -0.00846842397004366 0.0572710745036602 0.016446715220808983 -0.001935059786774218 0.0035048811696469784 0.007012686226516962 -0.004126940853893757 
0.036215342581272125 -0.011889779008924961 0.03395828977227211 0.037221554666757584 0.03708604350686073 -0.021534401923418045 -0.022993098944425583 0.06029905006289482 0.03157822787761688 
0.0017407072009518743 -0.009512566030025482 0.013455981388688087 -0.01568712294101715 -0.014569257386028767 0.01882900297641754 0.04368838295340538 -0.013098825700581074 0.024170683696866035 
-0.025711817666888237 -0.028288600966334343 0.0317966490983963 0.00768175208941102 8.803914533928037e-05 -0.005244579631835222 0.0024442949797958136 -0.03552569821476936 -0.025577733293175697 
-0.06913796812295914 -0.07686527073383331 -0.025793086737394333 -0.07765228301286697 -0.04915999621152878 -0.03250275179743767 -0.03640099614858627 0.001793224597349763 -0.015042475424706936 
0.002618762431666255 -0.04016157612204552 -0.02016255632042885 0.003995412029325962 -0.01687510870397091 -0.029402902349829674 0.023109789937734604 0.014404532499611378 0.005936496891081333 
0.0234080720692873 -0.00961249228566885 -0.06139283627271652 -0.0067394389770925045 -0.02916746214032173 -0.033768098801374435 -0.012178098782896996 -0.023431671783328056 -0.03309398517012596 
-0.005368364974856377 0.008484028279781342 0.0471791997551918 -0.04642229527235031 -0.02997882105410099 0.04429931566119194 -0.041539516299963 -0.027229255065321922 0.03461375832557678 
0.019121365621685982 -0.0015351789770647883 -0.020810836926102638 0.0329580083489418 0.033895861357450485 -0.00926170777529478 0.02038136124610901 0.004955236800014973 0.007843614555895329 
-0.023159988224506378 -0.0701446682214737 -0.04183546081185341 -0.016487296670675278 -0.047259826213121414 -0.045261822640895844 -0.003713722340762615 -0.0646352618932724 -0.0082382932305336 
-0.03436538949608803 -0.06106427311897278 -0.07177143543958664 -0.05407991260290146 -0.061581801623106 -0.06724918633699417 -0.04151485487818718 -0.03607306629419327 -0.03877166658639908 
0.007747711148113012 0.0034816658589988947 -0.02101263776421547 0.04748067259788513 0.0981522873044014 0.002096507465466857 -0.0035573230125010014 0.04618702083826065 -0.011917194351553917 
0.08777764439582825 0.03457564488053322 -0.04682673513889313 0.04174064099788666 -0.030434321612119675 -0.0936688706278801 -0.038412127643823624 -0.1218034029006958 -0.1411566436290741 
-0.07763383537530899 0.09139563888311386 0.20971623063087463 -0.20465604960918427 -0.06791814416646957 0.20525385439395905 -0.21334287524223328 -0.18789924681186676 0.0485452339053154 
0.12044994533061981 0.01975143700838089 -0.051828593015670776 0.16711832582950592 0.001923228963278234 -0.14250484108924866 0.0865514874458313 -0.017340701073408127 -0.09795398265123367 
0.006107620894908905 -0.054386913776397705 -0.020551547408103943 0.025515524670481682 -0.030351657420396805 0.004308701958507299 0.01391605008393526 -0.05176030471920967 -0.031132034957408905 
-0.015243756584823132 -0.027961891144514084 -0.08660722523927689 0.06441020965576172 0.05376139655709267 -0.019953535869717598 0.01617395505309105 0.029991718009114265 0.028062909841537476 
0.0070731486193835735 -0.022134577855467796 -0.057875052094459534 0.01694025844335556 0.03538069501519203 0.03960241377353668 -0.08394964784383774 -0.0017177700065076351 0.05356144905090332 
0.006580001208931208 0.033403970301151276 0.03212164342403412 0.027872316539287567 0.0756802186369896 0.027755528688430786 0.031360331922769547 0.03582143783569336 -0.04029493406414986 
0.027672559022903442 0.02941429801285267 -0.016669314354658127 -0.0017044759588316083 -0.008494214154779911 -0.08161398768424988 0.05019161105155945 0.040449321269989014 -0.013475560583174229 
-0.14994603395462036 -0.15254952013492584 -0.01525021530687809 -0.07144514471292496 -0.06265423446893692 0.0498335137963295 0.0779872015118599 0.1835324466228485 0.1823844611644745 
-0.019359024241566658 0.0034448064398020506 -0.0080783786252141 0.052696436643600464 0.05187610909342766 0.026936136186122894 0.04447752237319946 0.04598722979426384 0.009104001335799694 
0.03536148741841316 0.02897218056023121 -0.020786255598068237 0.008889645338058472 0.04827586188912392 0.01777980476617813 0.014608384110033512 0.08701939880847931 0.08275622129440308 
0.06029840558767319 0.04914116486907005 -0.028476549312472343 0.13514721393585205 -0.048326391726732254 -0.1032012477517128 0.006404587998986244 -0.11832168698310852 -0.09366703033447266 
-0.01939384639263153 -0.0505257286131382 -0.057106081396341324 0.013192655518651009 0.004035506397485733 -0.030504681169986725 0.004212567582726479 0.00498700188472867 -0.03947734460234642 
0.027070799842476845 -0.008388033136725426 -0.051088087260723114 -0.0054673547856509686 -0.039756596088409424 -0.010053623467683792 -0.04093259572982788 -0.04247739911079407 -0.07436762750148773 
-0.0023311281111091375 0.02001510187983513 -0.0034177706111222506 0.029413649812340736 0.046961862593889236 0.016855565831065178 0.015937499701976776 0.02896655537188053 0.0012945471098646522 
0.049933671951293945 0.009962039068341255 -0.024059073999524117 -0.016153335571289062 -0.09562844038009644 -0.03147837519645691 0.036285433918237686 -0.013991213403642178 0.007678518071770668 
0.018571019172668457 -0.06454172730445862 -0.032967839390039444 0.0009961591567844152 -0.005867043975740671 0.04012094810605049 -0.03703368082642555 0.02970455028116703 0.06573867797851562 
-0.023188378661870956 -0.13062112033367157 -0.09035879373550415 0.08237230777740479 0.0760645717382431 0.03085644729435444 0.05051272362470627 0.11435417830944061 -0.006856441497802734 
-0.057934075593948364 -0.08809794485569 -0.0445147380232811 -0.010684438981115818 0.019663751125335693 0.03955528885126114 0.03171253949403763 0.1375596821308136 0.0863843783736229 
-0.03608660027384758 -0.008953245356678963 -0.030595147982239723 0.0010713788215070963 0.025431381538510323 0.015555014833807945 -0.012266834266483784 0.015826184302568436 -0.014318924397230148 
0.05476461350917816 0.059013426303863525 0.10481054335832596 0.05847587063908577 0.05281476676464081 0.06567765772342682 0.04287857189774513 0.03800748288631439 0.039689578115940094 
-0.02419240027666092 0.029856624081730843 0.06214892864227295 0.08485976606607437 -0.03374205529689789 -0.11574632674455643 0.07290374487638474 -0.04273547604680061 -0.12989309430122375 
0.0060995519161224365 -0.007917513139545918 -0.025204943493008614 0.04100966081023216 0.03060385398566723 -0.0007807951769791543 0.02282825857400894 0.02839072048664093 -0.030370226129889488 
0.0012665720423683524 0.03183099627494812 0.011640045791864395 -0.0012361962581053376 -0.04586436599493027 0.005234150215983391 0.06620761752128601 0.01451269630342722 0.018807122483849525 
0.015412156470119953 0.06957028806209564 0.017136571928858757 -0.046964600682258606 0.08344988524913788 0.11664921045303345 -0.09372372180223465 0.004334440920501947 0.03398812189698219 
-0.038800548762083054 0.003382291877642274 -0.005450170021504164 0.07997246831655502 0.10988019406795502 0.07259578257799149 0.04117675498127937 0.017606141045689583 -0.005539500620216131 
0.012567305937409401 -0.046467024832963943 -0.005159239750355482 0.036136310547590256 -0.01739729568362236 -0.058458805084228516 0.009465696290135384 -0.007954570464789867 -0.028350498527288437 
-0.03103097714483738 0.03233141079545021 0.020212801173329353 -0.1809370219707489 0.021046120673418045 0.19466230273246765 -0.1850537657737732 -0.038114216178655624 0.07834137976169586 
-0.017923200502991676 0.007728176191449165 0.03125050291419029 0.10198310762643814 -0.015419305302202702 0.016527967527508736 0.0456717424094677 -0.00010945778922177851 0.027761606499552727 
-0.026103822514414787 -0.030709262937307358 -0.0747014582157135 -0.05622333288192749 -0.0052451458759605885 0.04083697870373726 -0.09070292860269547 -0.019710395485162735 0.0102218147367239 
0.00887146033346653 0.015105687081813812 0.023921402171254158 -0.018777890130877495 -0.013278178870677948 0.0010360610904172063 -0.01574390009045601 -0.01390079315751791 -0.0004564446280710399 
0.00013535890320781618 -0.024462567642331123 0.0284116230905056 0.0037135249003767967 0.018528368324041367 0.009719190187752247 0.008965671993792057 -0.014233281835913658 -0.0674280971288681 
-0.08212049305438995 -0.02382121980190277 0.012152843177318573 0.0001596453512320295 0.06126762926578522 0.06837841868400574 0.06640752404928207 0.069966159760952 0.022053856402635574 
-0.02770829014480114 0.028564099222421646 -0.0051798103377223015 0.012695590034127235 0.09380528330802917 0.039905548095703125 0.003852907568216324 -0.0045926799066364765 0.02264240011572838 
0.07011786103248596 -0.011800752952694893 -0.03931238874793053 -0.024499226361513138 0.012954861856997013 0.0667327493429184 -0.08106076717376709 0.019705533981323242 0.03604131564497948 
0.0774795189499855 -0.00240535382181406 -0.05131794139742851 -0.02085820958018303 -0.06886804103851318 -0.04809765890240669 -0.025331735610961914 -0.0750170648097992 -0.06471747905015945 
-0.04978053271770477 -0.01705195941030979 -0.03176722675561905 -0.0032997960224747658 -0.013412016443908215 -0.025159182026982307 -0.0246934462338686 -0.008515909314155579 0.005952700041234493 
0.07581333816051483 0.04114353284239769 -0.08294593542814255 0.15604877471923828 -0.06219830736517906 -0.09414967149496078 0.08694557100534439 -0.10824069380760193 -0.010770599357783794 
-0.06633123755455017 -0.040656089782714844 -0.006286912132054567 0.12533292174339294 0.20177391171455383 0.17179132997989655 0.0791797786951065 0.10883007198572159 0.03982941806316376 
0.04588362202048302 -0.006221613381057978 -0.004602419678121805 -0.10879463702440262 -0.0301740150898695 0.04221027344465256 -0.002854214748367667 0.022276533767580986 -0.0346895270049572 
0.020502969622612 0.011879120953381062 0.0009577104938216507 0.09562166780233383 0.029139451682567596 -0.033677633851766586 0.03808249533176422 -0.019849147647619247 -0.04529900103807449 
-0.07886538654565811 0.047732505947351456 0.05541596934199333 0.03109259344637394 0.02727844938635826 -0.010651732794940472 0.04083641991019249 0.0027409216854721308 -0.04551369324326515 
0.03634657710790634 -0.01130029745399952 -0.04567692428827286 0.06286852806806564 -0.010484648868441582 -0.038783442229032516 -0.05513737350702286 -0.03820584714412689 -0.016199931502342224 
0.016918139532208443 0.008421126753091812 -0.01783842407166958 0.01311053242534399 -0.05291157588362694 -0.1021772027015686 0.014305800199508667 0.022139888256788254 -0.002397045260295272 
0.048978887498378754 0.03672328218817711 -0.03623383119702339 0.04340734705328941 0.07607325911521912 0.06552435457706451 -0.015016451478004456 0.044678252190351486 0.0642998069524765 
-0.0015211415011435747 -0.03931158781051636 -0.021442586556077003 -0.051391735672950745 0.005719686392694712 0.040559135377407074 -0.047287266701459885 0.03838292509317398 0.0313912108540535 
-0.033145464956760406 -0.023521851748228073 -0.019223680719733238 -0.0324714332818985 -0.028475666418671608 -0.013452638871967793 0.010434609837830067 0.021282989531755447 0.029130736365914345 
-0.05940641090273857 0.0334833599627018 0.08810160309076309 -0.00033937679836526513 0.08207179605960846 0.04811850190162659 -0.043961551040410995 0.032259099185466766 0.028662899509072304 
-0.004101421218365431 0.021893080323934555 0.004670542199164629 0.04065391793847084 0.04564056545495987 -0.01700068823993206 0.046058814972639084 -0.018585186451673508 -0.07615762948989868 
-0.07463500648736954 -0.005596621427685022 0.0700264498591423 0.014134462922811508 0.05062008649110794 -0.06437541544437408 -0.013853603042662144 -0.04169124364852905 -0.07073457539081573 
-0.009352290071547031 -0.04205779731273651 -0.027504263445734978 -0.02055932767689228 -0.004239974077790976 0.07539220154285431 0.03469428792595863 0.019509660080075264 -0.009468099102377892 
-0.02079625427722931 -0.06063123792409897 -0.006918885745108128 -0.11900842189788818 -0.13960371911525726 -0.07756157964468002 0.02080761454999447 -0.04549282044172287 -0.003444159170612693 
-0.03927413001656532 -0.025019243359565735 0.04124970734119415 -0.01181903574615717 0.007374264299869537 0.0208961833268404 -0.03198997303843498 -0.010389874689280987 -0.0559738427400589 
-0.08541575074195862 0.06612904369831085 -0.06216071918606758 -0.002665179781615734 -0.1006145179271698 -0.043395835906267166 -0.0038363200146704912 -0.08997792750597 0.1690693497657776 
0.012801708653569221 -0.002372315851971507 0.053089506924152374 0.07793936133384705 0.1183801144361496 0.012469741515815258 -0.0065679727122187614 -0.03735995665192604 -0.09940212965011597 
0.028408460319042206 -0.10162157565355301 -0.020975079387426376 -0.07470160722732544 0.04802011325955391 0.17254538834095 -0.038341838866472244 -0.016357315704226494 -0.10670555382966995 
-0.009541708044707775 -0.004198871552944183 0.015792736783623695 0.10040630400180817 -0.012051085941493511 -0.043323881924152374 -0.02139444649219513 -0.03937624767422676 0.014171354472637177 
0.04527566581964493 0.07953478395938873 0.04064306989312172 0.027603181079030037 -0.05105767399072647 -0.14166496694087982 0.05106682702898979 -0.05517347529530525 -0.10783331096172333 
-0.10886047035455704 -0.04965434595942497 -0.04526366665959358 0.027465565130114555 0.021088967099785805 0.025701893493533134 -0.030938513576984406 -0.014441355131566525 -0.034209173172712326 
0.042411696165800095 0.08780336380004883 -0.024142757058143616 0.009342039003968239 -0.05857285112142563 -0.05306745320558548 0.015242216177284718 -0.0043803914450109005 0.06822245568037033 
-0.04671412706375122 -0.03722159564495087 0.0033876593224704266 -0.045084115117788315 -0.020419389009475708 0.006158269476145506 0.02326221950352192 0.01179103646427393 -0.07022809237241745 
-0.0332290455698967 -0.000619373400695622 0.011613882146775723 0.017138725146651268 0.02776152640581131 0.037821173667907715 0.023738721385598183 0.03945412486791611 0.05166786536574364 
-0.02716066874563694 -0.025603868067264557 -0.023350384086370468 0.014072251506149769 0.014475768432021141 0.015919767320156097 0.023298949003219604 0.02455226704478264 0.02411540597677231 
0.05804289132356644 0.06792405247688293 -0.021305499598383904 0.039071518927812576 0.0502120703458786 0.0006542804767377675 -0.06836525350809097 -0.06130283698439598 -0.03250250965356827 
-0.04660758748650551 -0.026212086901068687 0.0038178060203790665 -0.010640899650752544 0.006049168296158314 0.029514143243432045 -0.04112110659480095 -0.00025887650554068387 0.011372198350727558 
0.05987172573804855 0.022227730602025986 -0.05094113573431969 -0.017642101272940636 -0.012823889963328838 0.008923747576773167 -0.029019536450505257 -0.0037738922983407974 0.047332994639873505 
-0.01184880267828703 0.0471186488866806 0.07074025273323059 -0.022623755037784576 -0.05004668980836868 0.01053689606487751 -0.04388860985636711 -0.10832253843545914 -0.09175676107406616 
-0.06679601222276688 -0.040533166378736496 -0.08236681669950485 -0.03721548244357109 -0.009691695682704449 -0.050506770610809326 -0.05919698253273964 -0.033688243478536606 -0.08064577728509903 
0.01310456357896328 0.040023401379585266 -0.01884930580854416 0.08422648161649704 0.14064252376556396 0.08440098911523819 -0.059818368405103683 -0.051234010607004166 -0.07461067289113998 
-0.03574933856725693 -0.003693186677992344 -0.05222555994987488 -0.023715514689683914 0.09033262729644775 -0.04032400622963905 -0.011144394986331463 -0.049868207424879074 -0.0738154724240303 
-0.01055346429347992 -0.02574039436876774 0.018082810565829277 -9.642662917030975e-05 0.010998350568115711 0.09365151077508926 -0.03395140543580055 0.0011995421955361962 0.014357333071529865 
-0.034551069140434265 0.03703838586807251 0.06311512738466263 0.017510060220956802 -0.030717218294739723 -0.004298304207623005 -0.06823822855949402 0.010214355774223804 -0.03349560499191284 
0.038213226944208145 0.01816561445593834 0.020988814532756805 -0.06810764223337173 -0.11289294809103012 -0.0683119148015976 -0.08663926273584366 -0.0961170569062233 -0.022932352498173714 
-0.06097462773323059 -0.015745757147669792 0.004572691395878792 -0.019384337589144707 0.02544041909277439 0.011417776346206665 0.060619160532951355 0.08048274368047714 0.059394463896751404 
0.0772739052772522 0.09758013486862183 0.06075353920459747 0.08759572356939316 0.14301007986068726 0.13006263971328735 0.004423331003636122 0.023196708410978317 0.03951903060078621 
-0.007180596236139536 -0.01730409823358059 -0.11014176160097122 0.08258994668722153 0.07254894822835922 -0.04867107421159744 0.03205551952123642 0.05109878256917 0.079086072742939 
-0.046700619161129 0.021338334307074547 -0.022747382521629333 0.02329440228641033 0.04404466971755028 0.0074113537557423115 -0.026927657425403595 -0.044521018862724304 -0.06320947408676147 
0.00892975740134716 -0.008160393685102463 -0.029277784749865532 -0.021622251719236374 0.03335236385464668 -0.006460309959948063 -0.062181372195482254 0.04628774896264076 -0.03335845470428467 
-0.007988055236637592 -0.0037707039155066013 0.012096614576876163 -0.005474622827023268 -2.0692717953352258e-05 0.014550505205988884 -0.011325043626129627 -0.007777601480484009 0.005900157615542412 
-0.001946640550158918 -0.011639834381639957 -0.017247173935174942 0.0253541711717844 0.008729502558708191 -0.026135988533496857 -0.03142242878675461 -0.027803849428892136 -0.03361920639872551 
-0.014592492021620274 0.03184031322598457 -0.0516686886548996 -0.02443964034318924 0.04266611114144325 -0.05722612887620926 0.004576279781758785 0.03594424948096275 -0.04878576099872589 
-0.029752500355243683 -0.001992259407415986 -0.045495375990867615 0.0021117175929248333 -0.04722575098276138 -0.000876108359079808 0.04917621240019798 -0.04114922136068344 0.039999544620513916 
0.011959020979702473 -0.014169715344905853 -0.0027890969067811966 -0.02510174550116062 -0.01825113408267498 0.005586863961070776 0.021030519157648087 0.01257387362420559 -0.004553685896098614 
0.005212736316025257 0.04089886695146561 0.033308494836091995 -0.009856220334768295 0.0419619157910347 0.030367597937583923 0.03696329891681671 0.08774059265851974 0.09078406542539597 
0.011600248515605927 -0.018098006024956703 0.028743062168359756 -0.0046186503022909164 -0.009412859566509724 -0.0039189839735627174 -0.0121724558994174 -0.0299017783254385 -0.023414703086018562 
0.06311459839344025 -0.020969869568943977 0.026348687708377838 0.10114269703626633 -0.12872447073459625 0.12212259322404861 -0.016290860250592232 -0.15336161851882935 0.0741027295589447 
-0.007252755109220743 -0.02135622315108776 -0.12769298255443573 0.03229796513915062 0.1425965428352356 -0.08170727640390396 0.03809880465269089 0.09690414369106293 -0.03720465674996376 
0.06806614249944687 -0.020286137238144875 -0.018620247021317482 -0.01799563132226467 0.020616166293621063 -0.025605138391256332 -0.00708443857729435 0.017304567620158195 -0.028245914727449417 
-0.007873887196183205 -0.08391549438238144 0.003729872638359666 0.06152364984154701 -0.07238039374351501 0.053171392530202866 0.010456238873302937 -0.016040761023759842 0.06972741335630417 
-0.04591492563486099 -0.0527307353913784 0.047878723591566086 0.002225560834631324 -0.0523148737847805 0.01417594775557518 0.07910949736833572 -0.04402405768632889 0.02373548224568367 
0.00013281482097227126 0.012925434857606888 0.005660148337483406 -0.026538550853729248 -0.01870157942175865 -0.004539882764220238 -0.036765046417713165 -0.01631670817732811 0.0066405776888132095 
0.027818623930215836 -0.03422487527132034 -0.0122681250795722 0.07241440564393997 -0.05851645767688751 0.02813214622437954 -0.0451442189514637 -0.01512590516358614 0.035512760281562805 
0.01577935926616192 -0.010101950727403164 -0.032216526567935944 0.022062622010707855 0.012219821102917194 -0.04682217538356781 -0.004752707667648792 -0.03923186659812927 -0.043140411376953125 
-0.028609102591872215 -0.12179496884346008 -0.03615095093846321 -0.03514173626899719 0.04885624349117279 0.006973132956773043 -0.01854998618364334 0.02763957343995571 0.03577225282788277 
0.019924594089388847 0.02626560814678669 0.031551793217659 -0.029385561123490334 -0.014683614484965801 0.0018489466747269034 -0.026532646268606186 -0.02208074927330017 0.0013832119293510914 
0.019925963133573532 -0.054845716804265976 -0.021849259734153748 -0.02422971837222576 0.00745425233617425 -0.008683606050908566 0.03651010990142822 0.014064318500459194 0.03664088249206543 
-0.02110658399760723 0.030168673023581505 0.019126057624816895 -0.048711635172367096 0.053186990320682526 -0.033582691103219986 0.005600538570433855 0.021030031144618988 0.03560149297118187 
-0.0303833968937397 0.1367204338312149 0.019606608897447586 0.04767105355858803 -0.012346123345196247 0.009985677897930145 -0.09698845446109772 -0.07476664334535599 0.12476032972335815 
-0.01171253900974989 -0.0009460673900321126 0.05426086112856865 0.019198372960090637 0.09412608295679092 0.043057624250650406 -0.03737577050924301 0.02090158872306347 -0.07829231768846512 
0.028342584148049355 -0.12317370623350143 0.0211259126663208 -0.03737454488873482 -0.22937554121017456 -0.14057552814483643 0.1100924015045166 -0.08259814977645874 0.07000552862882614 
-0.005664489232003689 0.029344797134399414 -0.07459817826747894 0.01925966516137123 -0.07458726316690445 -0.0002028258895734325 2.2997161067905836e-05 -0.04577506706118584 0.017010241746902466 
0.059413421899080276 -0.04362744092941284 -0.03559572994709015 -0.03125320002436638 -0.060877490788698196 0.21437478065490723 -0.0571320615708828 0.05498956888914108 -0.11146901547908783 
0.029601026326417923 -0.014324404299259186 -0.08969125896692276 0.027348555624485016 0.07270268350839615 -0.23662687838077545 -0.058506470173597336 0.04495804011821747 -0.013049209490418434 
-0.10789825022220612 -0.14514243602752686 -0.0654602199792862 0.022924447432160378 0.3083072900772095 -0.07076345384120941 -0.043494123965501785 -0.05637473240494728 -0.030078405514359474 
-0.08853218704462051 -0.01772317849099636 0.04274308308959007 0.022078126668930054 -0.057388290762901306 0.054370008409023285 -0.003857292467728257 0.03608508035540581 -0.007115975953638554 
0.025501510128378868 0.09206578135490417 0.002392553025856614 -0.03290862217545509 -0.09345361590385437 0.037525150924921036 -0.07058769464492798 -0.06878004223108292 0.012238375842571259 
-0.02663557045161724 -0.018317600712180138 0.0002887914015445858 0.07108521461486816 0.0075926207937300205 -0.035588495433330536 0.07411542534828186 -0.087753064930439 -0.08884473890066147 
0.02478230558335781 -0.03887457400560379 -0.03835214301943779 0.007793274242430925 0.009204858914017677 0.0964297279715538 0.011935343034565449 0.019842660054564476 -0.06835529953241348 
-0.022755060344934464 0.025309734046459198 0.06477764248847961 -0.004314379766583443 0.05737561360001564 0.04932749271392822 0.008427519351243973 0.014624260365962982 0.03135276585817337 
0.011518601328134537 -0.03383275121450424 -0.07086167484521866 0.0070825195871293545 0.04116453602910042 -0.001719475258141756 0.03205815702676773 0.1089264452457428 0.035971466451883316 
-0.07639794796705246 -0.0662054568529129 -0.06127540394663811 -0.06202498450875282 -0.05361761152744293 -0.047897886484861374 -0.023824704810976982 -0.014458002522587776 -0.004350143950432539 
-0.00012801284901797771 0.008781732991337776 -0.08674502372741699 0.08645432442426682 0.14217707514762878 -0.035384997725486755 0.11149200797080994 0.11881564557552338 -0.076483353972435 
-0.013285721652209759 0.02086048573255539 0.017162565141916275 0.03290018439292908 0.039010487496852875 0.038868069648742676 0.010225694626569748 0.008912117220461369 0.043566055595874786 
0.02074967883527279 0.07735459506511688 -0.025340614840388298 -0.01182656828314066 -0.061003848910331726 -0.03593825921416283 0.029720351099967957 -0.043852634727954865 -0.01798390969634056 
0.05232328921556473 0.09485277533531189 0.12336385995149612 -0.04872368276119232 -0.007921929471194744 0.12524928152561188 -0.18149664998054504 -0.13899143040180206 0.032080091536045074 
0.023743094876408577 0.02232700027525425 0.0171844232827425 -0.0933220237493515 -0.07567833364009857 -0.08003763109445572 -0.05790866166353226 -0.03128034621477127 -0.0445488840341568 
0.08279753476381302 0.12702350318431854 -0.009702127426862717 0.0746169462800026 0.08223091065883636 0.008142402395606041 -0.0598764605820179 -0.07380609214305878 -0.029001934453845024 
-0.09013593196868896 0.0013113121967762709 0.04574315994977951 -0.107476145029068 0.04860229045152664 0.18845628201961517 -0.11296585947275162 0.0252021886408329 0.09570968151092529 
-0.019736507907509804 -0.04708787426352501 -0.020506812259554863 -0.015425613150000572 -0.006199127063155174 0.006889186799526215 -0.06743363291025162 -0.03720584884285927 -0.03492264822125435 
-0.03406482934951782 0.007198999170213938 -0.017231157049536705 -0.08049806207418442 0.037870824337005615 0.027859089896082878 0.014316688291728497 0.049496717751026154 0.01824549399316311 
0.19307762384414673 0.06927020102739334 0.00644950196146965 0.20184999704360962 -0.030874207615852356 -0.14901617169380188 0.08554933220148087 -0.03394822031259537 -0.12863092124462128 
0.014938830398023129 0.01865091733634472 -0.0020359354093670845 -0.001064395997673273 -0.04286384955048561 -0.051689185202121735 0.0007357030408456922 0.013388225808739662 0.0062678041867911816 
-0.04317587614059448 -0.026120150461792946 0.010877843014895916 -0.01809580624103546 -0.010235629044473171 -0.02127465046942234 0.01645282283425331 -0.03504587337374687 -0.059808071702718735 
0.09613517671823502 0.012249916791915894 -0.17802464962005615 0.16096815466880798 -0.03551561012864113 -0.25181275606155396 0.06144062429666519 0.05301566794514656 -0.03644410893321037 
-0.05186457186937332 0.09431090205907822 0.028311071917414665 -0.098667673766613 0.13183942437171936 0.16809268295764923 -0.06780833005905151 0.04416188597679138 0.06136731430888176 
-0.03683800250291824 -0.046057987958192825 0.040036942809820175 0.01955769956111908 0.005315360613167286 0.00979653187096119 0.05942007899284363 0.029545707628130913 0.012797728180885315 
0.010240642353892326 0.0012900998117402196 0.0028026860672980547 0.028409626334905624 0.01276576891541481 0.0011166526237502694 0.025536758825182915 0.0025846073403954506 -0.004043488763272762 
0.005938643589615822 -0.07059136778116226 0.019318431615829468 -0.03128237649798393 -0.033686526119709015 0.05434733256697655 -0.011102068237960339 0.025833845138549805 0.06251750886440277 
-0.013148811645805836 0.033951353281736374 -0.006070305127650499 0.008606869727373123 0.045952633023262024 -0.012580289505422115 0.017406515777111053 0.02118675224483013 -0.027494020760059357 
-0.058729346841573715 0.03662736341357231 -0.0029578767716884613 0.032559625804424286 -0.012980015017092228 -0.01172730978578329 0.010047362186014652 -0.019522912800312042 0.009058165363967419 
-0.025466836988925934 -0.012212787754833698 0.003106213640421629 -0.011522257700562477 -0.002553775906562805 -0.04478974640369415 0.017433416098356247 -0.02017825096845627 -0.05737227573990822 
0.05052110552787781 0.05143705755472183 0.03647893667221069 0.08024807274341583 0.04115735739469528 0.005404831375926733 0.06163550168275833 0.051388926804065704 -0.002474758541211486 
-0.01980419270694256 0.00820187944918871 -0.000734417699277401 0.03392310068011284 0.023543646559119225 -0.019266808405518532 0.02954033762216568 -0.012108925729990005 -0.01799224689602852 
0.06333872675895691 -0.05807974562048912 -0.09285829216241837 0.031663015484809875 -0.12941178679466248 0.0541357584297657 -0.0519840233027935 0.0005244548083283007 0.08458393812179565 
0.04841570183634758 0.08689068257808685 0.014303410425782204 0.06495876610279083 0.052611082792282104 0.0010456469608470798 -0.006103431340306997 -0.007187743671238422 -0.04772230237722397 
0.0026361269410699606 -0.06937217712402344 0.020306523889303207 -0.018804723396897316 0.02797449752688408 -0.003019404597580433 -0.0012228396954014897 -0.023322513327002525 -0.02306189015507698 
0.009849455207586288 0.034067217260599136 0.020020967349410057 0.060969267040491104 0.009909816086292267 -0.02485143207013607 0.03448021784424782 -0.04548892751336098 -0.07117146998643875 
0.056494083255529404 0.006013898178935051 -0.044802479445934296 0.07276654243469238 0.010996810160577297 -0.056451957672834396 0.04913897067308426 -0.027522344142198563 -0.03982901945710182 
-0.010901178233325481 -0.01647486351430416 -0.017740318551659584 -0.015191741287708282 -0.012176236137747765 -0.009641149081289768 0.019032349810004234 0.02725072205066681 -0.011171209625899792 
-0.03300944343209267 0.048694297671318054 -0.013324106112122536 0.025717658922076225 0.012288396246731281 -0.031778380274772644 -0.00044883094960823655 0.001280563184991479 -0.11218766123056412 
0.0018498414428904653 -0.028894972056150436 -0.026806820183992386 -0.01917065493762493 -0.029799558222293854 0.002841015113517642 -0.02328662946820259 -0.01005933340638876 0.057966627180576324 
